Class,Peak,File,Mean_X_Error,Mean_Y_Error,Mean_XY_Error,Min_XY_Error,Peak_Count,Reference_Peaks,Detected_Peaks,Num_Signals_in_Class,Num_Signals_with_Peak,Method
Class1,P1,Class1_example_0001,,,,,0,31,[],300,39,line_perpendicular_3
Class1,P1,Class1_example_0002,,,,,0,31,[],300,39,line_perpendicular_3
Class1,P1,Class1_example_0003,,,,,0,33,[],300,39,line_perpendicular_3
Class1,P1,Class1_example_0004,,,,,0,38,[],300,39,line_perpendicular_3
Class1,P1,Class1_example_0005,3.0,0.02546751078511056,3.000108097070102,3.000108097070102,1,38,[35],300,39,line_perpendicular_3
Class1,P1,Class1_example_0006,,,,,0,25,[],300,39,line_perpendicular_3
Class1,P1,Class1_example_0007,,,,,0,31,[],300,39,line_perpendicular_3
Class1,P1,Class1_example_0008,3.0,0.02009874791250188,3.0000673258558135,3.0000673258558135,1,31,[34],300,39,line_perpendicular_3
Class1,P1,Class1_example_0009,,,,,0,37,[],300,39,line_perpendicular_3
Class1,P1,Class1_example_0010,,,,,0,29,[],300,39,line_perpendicular_3
Class1,P1,Class1_example_0011,,,,,0,28,[],300,39,line_perpendicular_3
Class1,P1,Class1_example_0012,,,,,0,29,[],300,39,line_perpendicular_3
Class1,P1,Class1_example_0013,3.0,0.027423609339512156,3.000125339773191,3.000125339773191,1,38,[35],300,39,line_perpendicular_3
Class1,P1,Class1_example_0014,1.0,0.0098294631350897,1.0000483080059304,1.0000483080059304,1,35,[34],300,39,line_perpendicular_3
Class1,P1,Class1_example_0015,1.0,0.012368838763996415,1.000076491160736,1.000076491160736,1,32,[31],300,39,line_perpendicular_3
Class1,P1,Class1_example_0016,2.0,0.02303318032667101,2.00013262745148,2.00013262745148,1,33,[31],300,39,line_perpendicular_3
Class1,P1,Class1_example_0017,,,,,0,32,[],300,39,line_perpendicular_3
Class1,P1,Class1_example_0018,,,,,0,30,[],300,39,line_perpendicular_3
Class1,P1,Class1_example_0019,,,,,0,25,[],300,39,line_perpendicular_3
Class1,P1,Class1_example_0020,,,,,0,21,[],300,39,line_perpendicular_3
Class1,P1,Class1_example_0021,,,,,0,21,[],300,39,line_perpendicular_3
Class1,P1,Class1_example_0022,,,,,0,22,[],300,39,line_perpendicular_3
Class1,P1,Class1_example_0023,,,,,0,37,[],300,39,line_perpendicular_3
Class1,P1,Class1_example_0024,,,,,0,44,[],300,39,line_perpendicular_3
Class1,P1,Class1_example_0025,,,,,0,38,[],300,39,line_perpendicular_3
Class1,P1,Class1_example_0026,,,,,0,39,[],300,39,line_perpendicular_3
Class1,P1,Class1_example_0027,3.0,0.03292574427500772,3.000180678665214,3.000180678665214,1,31,[34],300,39,line_perpendicular_3
Class1,P1,Class1_example_0028,4.0,0.02259491502819555,4.000063815764085,4.000063815764085,1,31,[35],300,39,line_perpendicular_3
Class1,P1,Class1_example_0029,,,,,0,39,[],300,39,line_perpendicular_3
Class1,P1,Class1_example_0030,,,,,0,25,[],300,39,line_perpendicular_3
Class1,P1,Class1_example_0031,,,,,0,33,[],300,39,line_perpendicular_3
Class1,P1,Class1_example_0032,,,,,0,25,[],300,39,line_perpendicular_3
Class1,P1,Class1_example_0033,,,,,0,26,[],300,39,line_perpendicular_3
Class1,P1,Class1_example_0034,3.0,0.028668985500703403,3.0001369819942623,3.0001369819942623,1,39,[36],300,39,line_perpendicular_3
Class1,P1,Class1_example_0035,,,,,0,32,[],300,39,line_perpendicular_3
Class1,P1,Class1_example_0036,1.0,0.009529398625991892,1.000045403688339,1.000045403688339,1,36,[35],300,39,line_perpendicular_3
Class1,P1,Class1_example_0037,,,,,0,37,[],300,39,line_perpendicular_3
Class1,P1,Class1_example_0038,,,,,0,31,[],300,39,line_perpendicular_3
Class1,P1,Class1_example_0039,,,,,0,25,[],300,39,line_perpendicular_3
Class1,P1,Class1_example_0040,,,,,0,37,[],300,39,line_perpendicular_3
Class1,P1,Class1_example_0041,,,,,0,36,[],300,39,line_perpendicular_3
Class1,P1,Class1_example_0042,,,,,0,36,[],300,39,line_perpendicular_3
Class1,P1,Class1_example_0043,,,,,0,35,[],300,39,line_perpendicular_3
Class1,P1,Class1_example_0044,,,,,0,35,[],300,39,line_perpendicular_3
Class1,P1,Class1_example_0045,,,,,0,41,[],300,39,line_perpendicular_3
Class1,P1,Class1_example_0046,1.0,0.016559835687787627,1.0001371046801566,1.0001371046801566,1,34,[33],300,39,line_perpendicular_3
Class1,P1,Class1_example_0047,,,,,0,37,[],300,39,line_perpendicular_3
Class1,P1,Class1_example_0048,,,,,0,23,[],300,39,line_perpendicular_3
Class1,P1,Class1_example_0049,,,,,0,36,[],300,39,line_perpendicular_3
Class1,P1,Class1_example_0050,0.0,0.0,0.0,0.0,1,42,[42],300,39,line_perpendicular_3
Class1,P1,Class1_example_0051,,,,,0,29,[],300,39,line_perpendicular_3
Class1,P1,Class1_example_0052,,,,,0,31,[],300,39,line_perpendicular_3
Class1,P1,Class1_example_0053,,,,,0,27,[],300,39,line_perpendicular_3
Class1,P1,Class1_example_0054,,,,,0,35,[],300,39,line_perpendicular_3
Class1,P1,Class1_example_0055,,,,,0,35,[],300,39,line_perpendicular_3
Class1,P1,Class1_example_0056,,,,,0,28,[],300,39,line_perpendicular_3
Class1,P1,Class1_example_0057,,,,,0,30,[],300,39,line_perpendicular_3
Class1,P1,Class1_example_0058,,,,,0,27,[],300,39,line_perpendicular_3
Class1,P1,Class1_example_0059,,,,,0,26,[],300,39,line_perpendicular_3
Class1,P1,Class1_example_0060,,,,,0,30,[],300,39,line_perpendicular_3
Class1,P1,Class1_example_0061,,,,,0,24,[],300,39,line_perpendicular_3
Class1,P1,Class1_example_0062,,,,,0,27,[],300,39,line_perpendicular_3
Class1,P1,Class1_example_0063,,,,,0,26,[],300,39,line_perpendicular_3
Class1,P1,Class1_example_0064,,,,,0,36,[],300,39,line_perpendicular_3
Class1,P1,Class1_example_0065,,,,,0,27,[],300,39,line_perpendicular_3
Class1,P1,Class1_example_0066,,,,,0,33,[],300,39,line_perpendicular_3
Class1,P1,Class1_example_0067,,,,,0,29,[],300,39,line_perpendicular_3
Class1,P1,Class1_example_0068,,,,,0,60,[],300,39,line_perpendicular_3
Class1,P1,Class1_example_0069,,,,,0,30,[],300,39,line_perpendicular_3
Class1,P1,Class1_example_0070,,,,,0,38,[],300,39,line_perpendicular_3
Class1,P1,Class1_example_0071,,,,,0,34,[],300,39,line_perpendicular_3
Class1,P1,Class1_example_0072,,,,,0,46,[],300,39,line_perpendicular_3
Class1,P1,Class1_example_0073,,,,,0,21,[],300,39,line_perpendicular_3
Class1,P1,Class1_example_0074,,,,,0,29,[],300,39,line_perpendicular_3
Class1,P1,Class1_example_0075,,,,,0,30,[],300,39,line_perpendicular_3
Class1,P1,Class1_example_0076,,,,,0,31,[],300,39,line_perpendicular_3
Class1,P1,Class1_example_0077,,,,,0,31,[],300,39,line_perpendicular_3
Class1,P1,Class1_example_0078,,,,,0,33,[],300,39,line_perpendicular_3
Class1,P1,Class1_example_0079,,,,,0,29,[],300,39,line_perpendicular_3
Class1,P1,Class1_example_0080,1.0,0.016017874550129263,1.000128277924939,1.000128277924939,1,28,[29],300,39,line_perpendicular_3
Class1,P1,Class1_example_0081,,,,,0,26,[],300,39,line_perpendicular_3
Class1,P1,Class1_example_0082,,,,,0,33,[],300,39,line_perpendicular_3
Class1,P1,Class1_example_0083,0.0,0.0,0.0,0.0,1,31,[31],300,39,line_perpendicular_3
Class1,P1,Class1_example_0084,,,,,0,31,[],300,39,line_perpendicular_3
Class1,P1,Class1_example_0085,,,,,0,28,[],300,39,line_perpendicular_3
Class1,P1,Class1_example_0086,2.0,0.025261128426446566,2.0001595247903046,2.0001595247903046,1,30,[32],300,39,line_perpendicular_3
Class1,P1,Class1_example_0087,,,,,0,50,[],300,39,line_perpendicular_3
Class1,P1,Class1_example_0088,,,,,0,40,[],300,39,line_perpendicular_3
Class1,P1,Class1_example_0089,,,,,0,44,[],300,39,line_perpendicular_3
Class1,P1,Class1_example_0090,3.0,0.01650106731839185,3.000045380527209,3.000045380527209,1,34,[37],300,39,line_perpendicular_3
Class1,P1,Class1_example_0091,1.0,0.011449291341843026,1.0000655409883046,1.0000655409883046,1,38,[37],300,39,line_perpendicular_3
Class1,P1,Class1_example_0092,,,,,0,32,[],300,39,line_perpendicular_3
Class1,P1,Class1_example_0093,,,,,0,31,[],300,39,line_perpendicular_3
Class1,P1,Class1_example_0094,,,,,0,21,[],300,39,line_perpendicular_3
Class1,P1,Class1_example_0095,,,,,0,26,[],300,39,line_perpendicular_3
Class1,P1,Class1_example_0096,,,,,0,70,[],300,39,line_perpendicular_3
Class1,P1,Class1_example_0097,,,,,0,51,[],300,39,line_perpendicular_3
Class1,P1,Class1_example_0098,,,,,0,57,[],300,39,line_perpendicular_3
Class1,P1,Class1_example_0099,,,,,0,31,[],300,39,line_perpendicular_3
Class1,P1,Class1_example_0100,,,,,0,32,[],300,39,line_perpendicular_3
Class1,P1,Class1_example_0101,1.0,0.012863653615296178,1.000082733369762,1.000082733369762,1,33,[32],300,39,line_perpendicular_3
Class1,P1,Class1_example_0102,,,,,0,31,[],300,39,line_perpendicular_3
Class1,P1,Class1_example_0103,,,,,0,35,[],300,39,line_perpendicular_3
Class1,P1,Class1_example_0104,,,,,0,30,[],300,39,line_perpendicular_3
Class1,P1,Class1_example_0105,,,,,0,31,[],300,39,line_perpendicular_3
Class1,P1,Class1_example_0106,,,,,0,35,[],300,39,line_perpendicular_3
Class1,P1,Class1_example_0107,,,,,0,37,[],300,39,line_perpendicular_3
Class1,P1,Class1_example_0108,,,,,0,37,[],300,39,line_perpendicular_3
Class1,P1,Class1_example_0109,,,,,0,38,[],300,39,line_perpendicular_3
Class1,P1,Class1_example_0110,0.0,0.0,0.0,0.0,1,29,[29],300,39,line_perpendicular_3
Class1,P1,Class1_example_0111,,,,,0,27,[],300,39,line_perpendicular_3
Class1,P1,Class1_example_0112,,,,,0,35,[],300,39,line_perpendicular_3
Class1,P1,Class1_example_0113,,,,,0,32,[],300,39,line_perpendicular_3
Class1,P1,Class1_example_0114,1.0,0.015077925255726377,1.0001136654550908,1.0001136654550908,1,35,[34],300,39,line_perpendicular_3
Class1,P1,Class1_example_0115,,,,,0,32,[],300,39,line_perpendicular_3
Class1,P1,Class1_example_0116,0.0,0.0,0.0,0.0,1,30,[30],300,39,line_perpendicular_3
Class1,P1,Class1_example_0117,,,,,0,35,[],300,39,line_perpendicular_3
Class1,P1,Class1_example_0118,2.0,0.026203759431160156,2.000171651885989,2.000171651885989,1,37,[35],300,39,line_perpendicular_3
Class1,P1,Class1_example_0119,,,,,0,39,[],300,39,line_perpendicular_3
Class1,P1,Class1_example_0120,,,,,0,29,[],300,39,line_perpendicular_3
Class1,P1,Class1_example_0121,,,,,0,34,[],300,39,line_perpendicular_3
Class1,P1,Class1_example_0122,,,,,0,26,[],300,39,line_perpendicular_3
Class1,P1,Class1_example_0123,,,,,0,49,[],300,39,line_perpendicular_3
Class1,P1,Class1_example_0124,,,,,0,28,[],300,39,line_perpendicular_3
Class1,P1,Class1_example_0125,,,,,0,31,[],300,39,line_perpendicular_3
Class1,P1,Class1_example_0126,,,,,0,31,[],300,39,line_perpendicular_3
Class1,P1,Class1_example_0127,,,,,0,26,[],300,39,line_perpendicular_3
Class1,P1,Class1_example_0128,,,,,0,25,[],300,39,line_perpendicular_3
Class1,P1,Class1_example_0129,,,,,0,21,[],300,39,line_perpendicular_3
Class1,P1,Class1_example_0130,,,,,0,23,[],300,39,line_perpendicular_3
Class1,P1,Class1_example_0131,,,,,0,24,[],300,39,line_perpendicular_3
Class1,P1,Class1_example_0132,,,,,0,21,[],300,39,line_perpendicular_3
Class1,P1,Class1_example_0133,,,,,0,35,[],300,39,line_perpendicular_3
Class1,P1,Class1_example_0134,,,,,0,31,[],300,39,line_perpendicular_3
Class1,P1,Class1_example_0135,,,,,0,22,[],300,39,line_perpendicular_3
Class1,P1,Class1_example_0136,,,,,0,23,[],300,39,line_perpendicular_3
Class1,P1,Class1_example_0137,,,,,0,28,[],300,39,line_perpendicular_3
Class1,P1,Class1_example_0138,,,,,0,31,[],300,39,line_perpendicular_3
Class1,P1,Class1_example_0139,,,,,0,34,[],300,39,line_perpendicular_3
Class1,P1,Class1_example_0140,1.0,0.013180543813550272,1.0000868595953158,1.0000868595953158,1,35,[34],300,39,line_perpendicular_3
Class1,P1,Class1_example_0141,2.0,0.017850194371212713,2.000079655773512,2.000079655773512,1,36,[38],300,39,line_perpendicular_3
Class1,P1,Class1_example_0142,,,,,0,38,[],300,39,line_perpendicular_3
Class1,P1,Class1_example_0143,,,,,0,52,[],300,39,line_perpendicular_3
Class1,P1,Class1_example_0144,,,,,0,25,[],300,39,line_perpendicular_3
Class1,P1,Class1_example_0145,,,,,0,25,[],300,39,line_perpendicular_3
Class1,P1,Class1_example_0146,,,,,0,45,[],300,39,line_perpendicular_3
Class1,P1,Class1_example_0147,2.0,0.018801632783292055,2.0000883733963652,2.0000883733963652,1,34,[32],300,39,line_perpendicular_3
Class1,P1,Class1_example_0148,3.0,0.029560775001194917,3.00014563636812,3.00014563636812,1,37,[34],300,39,line_perpendicular_3
Class1,P1,Class1_example_0149,,,,,0,37,[],300,39,line_perpendicular_3
Class1,P1,Class1_example_0150,,,,,0,33,[],300,39,line_perpendicular_3
Class1,P1,Class1_example_0151,,,,,0,40,[],300,39,line_perpendicular_3
Class1,P1,Class1_example_0152,,,,,0,40,[],300,39,line_perpendicular_3
Class1,P1,Class1_example_0153,2.0,0.007150766607708192,2.000012783324916,2.000012783324916,1,38,[40],300,39,line_perpendicular_3
Class1,P1,Class1_example_0154,3.0,0.03210392542563123,3.0001717720870142,3.0001717720870142,1,36,[33],300,39,line_perpendicular_3
Class1,P1,Class1_example_0155,,,,,0,25,[],300,39,line_perpendicular_3
Class1,P1,Class1_example_0156,,,,,0,34,[],300,39,line_perpendicular_3
Class1,P1,Class1_example_0157,,,,,0,31,[],300,39,line_perpendicular_3
Class1,P1,Class1_example_0158,,,,,0,35,[],300,39,line_perpendicular_3
Class1,P1,Class1_example_0159,0.0,0.0,0.0,0.0,1,31,[31],300,39,line_perpendicular_3
Class1,P1,Class1_example_0160,3.0,0.023909685249931645,3.0000952773284966,3.0000952773284966,1,39,[36],300,39,line_perpendicular_3
Class1,P1,Class1_example_0161,,,,,0,38,[],300,39,line_perpendicular_3
Class1,P1,Class1_example_0162,,,,,0,31,[],300,39,line_perpendicular_3
Class1,P1,Class1_example_0163,,,,,0,32,[],300,39,line_perpendicular_3
Class1,P1,Class1_example_0164,,,,,0,31,[],300,39,line_perpendicular_3
Class1,P1,Class1_example_0165,,,,,0,32,[],300,39,line_perpendicular_3
Class1,P1,Class1_example_0166,,,,,0,31,[],300,39,line_perpendicular_3
Class1,P1,Class1_example_0167,,,,,0,30,[],300,39,line_perpendicular_3
Class1,P1,Class1_example_0168,,,,,0,37,[],300,39,line_perpendicular_3
Class1,P1,Class1_example_0169,,,,,0,36,[],300,39,line_perpendicular_3
Class1,P1,Class1_example_0170,,,,,0,33,[],300,39,line_perpendicular_3
Class1,P1,Class1_example_0171,,,,,0,36,[],300,39,line_perpendicular_3
Class1,P1,Class1_example_0172,,,,,0,29,[],300,39,line_perpendicular_3
Class1,P1,Class1_example_0173,,,,,0,30,[],300,39,line_perpendicular_3
Class1,P1,Class1_example_0174,,,,,0,25,[],300,39,line_perpendicular_3
Class1,P1,Class1_example_0175,,,,,0,20,[],300,39,line_perpendicular_3
Class1,P1,Class1_example_0176,,,,,0,20,[],300,39,line_perpendicular_3
Class1,P1,Class1_example_0177,,,,,0,22,[],300,39,line_perpendicular_3
Class1,P1,Class1_example_0178,2.0,0.014973964854870347,2.0000560541203525,2.0000560541203525,1,32,[34],300,39,line_perpendicular_3
Class1,P1,Class1_example_0179,,,,,0,39,[],300,39,line_perpendicular_3
Class1,P1,Class1_example_0180,,,,,0,36,[],300,39,line_perpendicular_3
Class1,P1,Class1_example_0181,,,,,0,31,[],300,39,line_perpendicular_3
Class1,P1,Class1_example_0182,,,,,0,29,[],300,39,line_perpendicular_3
Class1,P1,Class1_example_0183,,,,,0,35,[],300,39,line_perpendicular_3
Class1,P1,Class1_example_0184,,,,,0,36,[],300,39,line_perpendicular_3
Class1,P1,Class1_example_0185,,,,,0,34,[],300,39,line_perpendicular_3
Class1,P1,Class1_example_0186,,,,,0,31,[],300,39,line_perpendicular_3
Class1,P1,Class1_example_0187,,,,,0,27,[],300,39,line_perpendicular_3
Class1,P1,Class1_example_0188,0.0,0.0,0.0,0.0,1,34,[34],300,39,line_perpendicular_3
Class1,P1,Class1_example_0189,,,,,0,35,[],300,39,line_perpendicular_3
Class1,P1,Class1_example_0190,,,,,0,24,[],300,39,line_perpendicular_3
Class1,P1,Class1_example_0191,,,,,0,38,[],300,39,line_perpendicular_3
Class1,P1,Class1_example_0192,,,,,0,37,[],300,39,line_perpendicular_3
Class1,P1,Class1_example_0193,,,,,0,35,[],300,39,line_perpendicular_3
Class1,P1,Class1_example_0194,,,,,0,34,[],300,39,line_perpendicular_3
Class1,P1,Class1_example_0195,,,,,0,40,[],300,39,line_perpendicular_3
Class1,P1,Class1_example_0196,,,,,0,37,[],300,39,line_perpendicular_3
Class1,P1,Class1_example_0197,,,,,0,36,[],300,39,line_perpendicular_3
Class1,P1,Class1_example_0198,,,,,0,28,[],300,39,line_perpendicular_3
Class1,P1,Class1_example_0199,,,,,0,38,[],300,39,line_perpendicular_3
Class1,P1,Class1_example_0200,1.0,0.009265358905801935,1.0000429225166554,1.0000429225166554,1,39,[38],300,39,line_perpendicular_3
Class1,P1,Class1_example_0201,0.0,0.0,0.0,0.0,1,38,[38],300,39,line_perpendicular_3
Class1,P1,Class1_example_0202,,,,,0,29,[],300,39,line_perpendicular_3
Class1,P1,Class1_example_0203,,,,,0,30,[],300,39,line_perpendicular_3
Class1,P1,Class1_example_0204,,,,,0,28,[],300,39,line_perpendicular_3
Class1,P1,Class1_example_0205,,,,,0,30,[],300,39,line_perpendicular_3
Class1,P1,Class1_example_0206,,,,,0,29,[],300,39,line_perpendicular_3
Class1,P1,Class1_example_0207,,,,,0,26,[],300,39,line_perpendicular_3
Class1,P1,Class1_example_0208,,,,,0,33,[],300,39,line_perpendicular_3
Class1,P1,Class1_example_0209,,,,,0,35,[],300,39,line_perpendicular_3
Class1,P1,Class1_example_0210,,,,,0,25,[],300,39,line_perpendicular_3
Class1,P1,Class1_example_0211,,,,,0,25,[],300,39,line_perpendicular_3
Class1,P1,Class1_example_0212,,,,,0,31,[],300,39,line_perpendicular_3
Class1,P1,Class1_example_0213,,,,,0,30,[],300,39,line_perpendicular_3
Class1,P1,Class1_example_0214,,,,,0,32,[],300,39,line_perpendicular_3
Class1,P1,Class1_example_0215,,,,,0,27,[],300,39,line_perpendicular_3
Class1,P1,Class1_example_0216,,,,,0,29,[],300,39,line_perpendicular_3
Class1,P1,Class1_example_0217,,,,,0,30,[],300,39,line_perpendicular_3
Class1,P1,Class1_example_0218,,,,,0,31,[],300,39,line_perpendicular_3
Class1,P1,Class1_example_0219,,,,,0,30,[],300,39,line_perpendicular_3
Class1,P1,Class1_example_0220,,,,,0,30,[],300,39,line_perpendicular_3
Class1,P1,Class1_example_0221,,,,,0,23,[],300,39,line_perpendicular_3
Class1,P1,Class1_example_0222,,,,,0,33,[],300,39,line_perpendicular_3
Class1,P1,Class1_example_0223,,,,,0,31,[],300,39,line_perpendicular_3
Class1,P1,Class1_example_0224,,,,,0,25,[],300,39,line_perpendicular_3
Class1,P1,Class1_example_0225,,,,,0,30,[],300,39,line_perpendicular_3
Class1,P1,Class1_example_0226,,,,,0,36,[],300,39,line_perpendicular_3
Class1,P1,Class1_example_0227,,,,,0,47,[],300,39,line_perpendicular_3
Class1,P1,Class1_example_0228,,,,,0,40,[],300,39,line_perpendicular_3
Class1,P1,Class1_example_0229,,,,,0,26,[],300,39,line_perpendicular_3
Class1,P1,Class1_example_0230,,,,,0,27,[],300,39,line_perpendicular_3
Class1,P1,Class1_example_0231,,,,,0,27,[],300,39,line_perpendicular_3
Class1,P1,Class1_example_0232,,,,,0,32,[],300,39,line_perpendicular_3
Class1,P1,Class1_example_0233,,,,,0,32,[],300,39,line_perpendicular_3
Class1,P1,Class1_example_0234,,,,,0,32,[],300,39,line_perpendicular_3
Class1,P1,Class1_example_0235,,,,,0,30,[],300,39,line_perpendicular_3
Class1,P1,Class1_example_0236,,,,,0,32,[],300,39,line_perpendicular_3
Class1,P1,Class1_example_0237,,,,,0,34,[],300,39,line_perpendicular_3
Class1,P1,Class1_example_0238,,,,,0,29,[],300,39,line_perpendicular_3
Class1,P1,Class1_example_0239,,,,,0,29,[],300,39,line_perpendicular_3
Class1,P1,Class1_example_0240,,,,,0,30,[],300,39,line_perpendicular_3
Class1,P1,Class1_example_0241,3.0,0.02516924016043498,3.000105579917189,3.000105579917189,1,32,[29],300,39,line_perpendicular_3
Class1,P1,Class1_example_0242,,,,,0,28,[],300,39,line_perpendicular_3
Class1,P1,Class1_example_0243,,,,,0,31,[],300,39,line_perpendicular_3
Class1,P1,Class1_example_0244,,,,,0,37,[],300,39,line_perpendicular_3
Class1,P1,Class1_example_0245,,,,,0,33,[],300,39,line_perpendicular_3
Class1,P1,Class1_example_0246,,,,,0,35,[],300,39,line_perpendicular_3
Class1,P1,Class1_example_0247,,,,,0,36,[],300,39,line_perpendicular_3
Class1,P1,Class1_example_0248,,,,,0,43,[],300,39,line_perpendicular_3
Class1,P1,Class1_example_0249,,,,,0,43,[],300,39,line_perpendicular_3
Class1,P1,Class1_example_0250,,,,,0,24,[],300,39,line_perpendicular_3
Class1,P1,Class1_example_0251,,,,,0,26,[],300,39,line_perpendicular_3
Class1,P1,Class1_example_0252,,,,,0,33,[],300,39,line_perpendicular_3
Class1,P1,Class1_example_0253,2.0,0.021900884238214458,2.0001199085880863,2.0001199085880863,1,40,[38],300,39,line_perpendicular_3
Class1,P1,Class1_example_0254,,,,,0,26,[],300,39,line_perpendicular_3
Class1,P1,Class1_example_0255,,,,,0,27,[],300,39,line_perpendicular_3
Class1,P1,Class1_example_0256,,,,,0,30,[],300,39,line_perpendicular_3
Class1,P1,Class1_example_0257,,,,,0,29,[],300,39,line_perpendicular_3
Class1,P1,Class1_example_0258,,,,,0,27,[],300,39,line_perpendicular_3
Class1,P1,Class1_example_0259,,,,,0,26,[],300,39,line_perpendicular_3
Class1,P1,Class1_example_0260,,,,,0,26,[],300,39,line_perpendicular_3
Class1,P1,Class1_example_0261,,,,,0,30,[],300,39,line_perpendicular_3
Class1,P1,Class1_example_0262,,,,,0,29,[],300,39,line_perpendicular_3
Class1,P1,Class1_example_0263,,,,,0,32,[],300,39,line_perpendicular_3
Class1,P1,Class1_example_0264,,,,,0,29,[],300,39,line_perpendicular_3
Class1,P1,Class1_example_0265,,,,,0,26,[],300,39,line_perpendicular_3
Class1,P1,Class1_example_0266,,,,,0,30,[],300,39,line_perpendicular_3
Class1,P1,Class1_example_0267,,,,,0,27,[],300,39,line_perpendicular_3
Class1,P1,Class1_example_0268,,,,,0,29,[],300,39,line_perpendicular_3
Class1,P1,Class1_example_0269,,,,,0,29,[],300,39,line_perpendicular_3
Class1,P1,Class1_example_0270,,,,,0,28,[],300,39,line_perpendicular_3
Class1,P1,Class1_example_0271,,,,,0,27,[],300,39,line_perpendicular_3
Class1,P1,Class1_example_0272,,,,,0,30,[],300,39,line_perpendicular_3
Class1,P1,Class1_example_0273,,,,,0,27,[],300,39,line_perpendicular_3
Class1,P1,Class1_example_0274,,,,,0,21,[],300,39,line_perpendicular_3
Class1,P1,Class1_example_0275,,,,,0,24,[],300,39,line_perpendicular_3
Class1,P1,Class1_example_0276,,,,,0,25,[],300,39,line_perpendicular_3
Class1,P1,Class1_example_0277,,,,,0,24,[],300,39,line_perpendicular_3
Class1,P1,Class1_example_0278,,,,,0,25,[],300,39,line_perpendicular_3
Class1,P1,Class1_example_0279,,,,,0,21,[],300,39,line_perpendicular_3
Class1,P1,Class1_example_0280,,,,,0,23,[],300,39,line_perpendicular_3
Class1,P1,Class1_example_0281,,,,,0,30,[],300,39,line_perpendicular_3
Class1,P1,Class1_example_0282,,,,,0,24,[],300,39,line_perpendicular_3
Class1,P1,Class1_example_0283,,,,,0,22,[],300,39,line_perpendicular_3
Class1,P1,Class1_example_0284,,,,,0,21,[],300,39,line_perpendicular_3
Class1,P1,Class1_example_0285,,,,,0,43,[],300,39,line_perpendicular_3
Class1,P1,Class1_example_0286,,,,,0,42,[],300,39,line_perpendicular_3
Class1,P1,Class1_example_0287,,,,,0,40,[],300,39,line_perpendicular_3
Class1,P1,Class1_example_0288,,,,,0,46,[],300,39,line_perpendicular_3
Class1,P1,Class1_example_0289,,,,,0,30,[],300,39,line_perpendicular_3
Class1,P1,Class1_example_0290,,,,,0,29,[],300,39,line_perpendicular_3
Class1,P1,Class1_example_0291,,,,,0,27,[],300,39,line_perpendicular_3
Class1,P1,Class1_example_0292,0.0,0.0,0.0,0.0,1,36,[36],300,39,line_perpendicular_3
Class1,P1,Class1_example_0293,0.0,0.0,0.0,0.0,1,31,[31],300,39,line_perpendicular_3
Class1,P1,Class1_example_0294,3.0,0.025141062700634542,3.000105343656072,3.000105343656072,1,38,[35],300,39,line_perpendicular_3
Class1,P1,Class1_example_0295,,,,,0,32,[],300,39,line_perpendicular_3
Class1,P1,Class1_example_0296,,,,,0,32,[],300,39,line_perpendicular_3
Class1,P1,Class1_example_0297,,,,,0,27,[],300,39,line_perpendicular_3
Class1,P1,Class1_example_0298,,,,,0,28,[],300,39,line_perpendicular_3
Class1,P1,Class1_example_0299,,,,,0,32,[],300,39,line_perpendicular_3
Class1,P1,Class1_example_0300,,,,,0,30,[],300,39,line_perpendicular_3
Class2,P1,Class2_example_0001,1.0,0.021847947404937562,1.000238637928874,1.000238637928874,1,35,[34],300,214,line_perpendicular_3
Class2,P1,Class2_example_0002,2.0,0.03954737477693426,2.000390960500409,2.000390960500409,1,34,[32],300,214,line_perpendicular_3
Class2,P1,Class2_example_0003,3.0,0.04432354445198228,3.0003274115657423,3.0003274115657423,1,40,[37],300,214,line_perpendicular_3
Class2,P1,Class2_example_0004,,,,,0,32,[],300,214,line_perpendicular_3
Class2,P1,Class2_example_0005,4.0,0.050082887461036285,4.00031352466484,4.00031352466484,1,32,[36],300,214,line_perpendicular_3
Class2,P1,Class2_example_0006,2.0,0.0361981238555632,2.000327549220543,2.000327549220543,1,32,[30],300,214,line_perpendicular_3
Class2,P1,Class2_example_0007,,,,,0,32,[],300,214,line_perpendicular_3
Class2,P1,Class2_example_0008,3.0,0.047841693308545596,3.0003814470194667,3.0003814470194667,1,36,[33],300,214,line_perpendicular_3
Class2,P1,Class2_example_0009,,,,,0,33,[],300,214,line_perpendicular_3
Class2,P1,Class2_example_0010,,,,,0,42,[],300,214,line_perpendicular_3
Class2,P1,Class2_example_0011,3.0,0.0474867376880872,3.0003758081707463,3.0003758081707463,1,35,[32],300,214,line_perpendicular_3
Class2,P1,Class2_example_0012,5.0,0.0699151264317891,5.000488788598968,5.000488788598968,1,38,[33],300,214,line_perpendicular_3
Class2,P1,Class2_example_0013,3.0,0.03834431380029968,3.0002450377262213,3.0002450377262213,1,37,[34],300,214,line_perpendicular_3
Class2,P1,Class2_example_0014,8.0,0.07686874851698022,8.000369291757634,8.000369291757634,1,56,[48],300,214,line_perpendicular_3
Class2,P1,Class2_example_0015,,,,,0,38,[],300,214,line_perpendicular_3
Class2,P1,Class2_example_0016,4.0,0.04979454200963174,4.000309925045052,4.000309925045052,1,40,[36],300,214,line_perpendicular_3
Class2,P1,Class2_example_0017,,,,,0,22,[],300,214,line_perpendicular_3
Class2,P1,Class2_example_0018,27.0,0.10038342632699682,27.000186607360348,27.000186607360348,1,21,[48],300,214,line_perpendicular_3
Class2,P1,Class2_example_0019,0.0,0.0,0.0,0.0,1,23,[23],300,214,line_perpendicular_3
Class2,P1,Class2_example_0020,24.0,0.11457364394706315,24.000273480106163,24.000273480106163,1,23,[47],300,214,line_perpendicular_3
Class2,P1,Class2_example_0021,3.0,0.04231719216225838,3.000298442614084,3.000298442614084,1,37,[34],300,214,line_perpendicular_3
Class2,P1,Class2_example_0022,4.0,0.0511308082196511,4.000326781595373,4.000326781595373,1,42,[38],300,214,line_perpendicular_3
Class2,P1,Class2_example_0023,,,,,0,34,[],300,214,line_perpendicular_3
Class2,P1,Class2_example_0024,1.0,0.015967423956034232,1.000127471189444,1.000127471189444,1,34,[33],300,214,line_perpendicular_3
Class2,P1,Class2_example_0025,5.0,0.04741241714602851,5.0002247886769675,5.0002247886769675,1,45,[40],300,214,line_perpendicular_3
Class2,P1,Class2_example_0026,,,,,0,36,[],300,214,line_perpendicular_3
Class2,P1,Class2_example_0027,,,,,0,33,[],300,214,line_perpendicular_3
Class2,P1,Class2_example_0028,,,,,0,36,[],300,214,line_perpendicular_3
Class2,P1,Class2_example_0029,,,,,0,32,[],300,214,line_perpendicular_3
Class2,P1,Class2_example_0030,,,,,0,30,[],300,214,line_perpendicular_3
Class2,P1,Class2_example_0031,25.0,0.10965305343355536,25.000240474685985,25.000240474685985,1,20,[45],300,214,line_perpendicular_3
Class2,P1,Class2_example_0032,0.0,0.0,0.0,0.0,1,26,[26],300,214,line_perpendicular_3
Class2,P1,Class2_example_0033,3.0,0.04582766082062151,3.000350008665037,3.000350008665037,1,34,[31],300,214,line_perpendicular_3
Class2,P1,Class2_example_0034,1.0,0.01719929844445678,1.00014789699673,1.00014789699673,1,29,[28],300,214,line_perpendicular_3
Class2,P1,Class2_example_0035,4.0,0.05515568565903506,4.0003802506337465,4.0003802506337465,1,33,[29],300,214,line_perpendicular_3
Class2,P1,Class2_example_0036,2.0,0.029050365839026426,2.00021096981178,2.00021096981178,1,38,[36],300,214,line_perpendicular_3
Class2,P1,Class2_example_0037,3.0,0.04796686166538133,3.0003834454646,3.0003834454646,1,33,[30],300,214,line_perpendicular_3
Class2,P1,Class2_example_0038,4.0,0.05742647703579551,4.000412203794097,4.000412203794097,1,38,[34],300,214,line_perpendicular_3
Class2,P1,Class2_example_0039,,,,,0,34,[],300,214,line_perpendicular_3
Class2,P1,Class2_example_0040,3.0,0.02809382860586529,3.000131540983784,3.000131540983784,1,37,[34],300,214,line_perpendicular_3
Class2,P1,Class2_example_0041,3.0,0.03140502685308899,3.000164374782096,3.000164374782096,1,37,[34],300,214,line_perpendicular_3
Class2,P1,Class2_example_0042,2.0,0.04025070027402833,2.000404988714173,2.000404988714173,1,29,[27],300,214,line_perpendicular_3
Class2,P1,Class2_example_0043,1.0,0.02069377838047759,1.0002140933138566,1.0002140933138566,1,30,[29],300,214,line_perpendicular_3
Class2,P1,Class2_example_0044,0.0,0.0,0.0,0.0,1,29,[29],300,214,line_perpendicular_3
Class2,P1,Class2_example_0045,1.0,0.02113946074592321,1.0002234134435308,1.0002234134435308,1,28,[27],300,214,line_perpendicular_3
Class2,P1,Class2_example_0046,3.0,0.046081094330154504,3.000353890336049,3.000353890336049,1,32,[35],300,214,line_perpendicular_3
Class2,P1,Class2_example_0047,5.0,0.07432767554675934,5.000552429817348,5.000552429817348,1,31,[36],300,214,line_perpendicular_3
Class2,P1,Class2_example_0048,2.0,0.04130405072202359,2.000426460684333,2.000426460684333,1,35,[33],300,214,line_perpendicular_3
Class2,P1,Class2_example_0049,,,,,0,32,[],300,214,line_perpendicular_3
Class2,P1,Class2_example_0050,3.0,0.04499163008419149,3.000337355494817,3.000337355494817,1,29,[32],300,214,line_perpendicular_3
Class2,P1,Class2_example_0051,,,,,0,32,[],300,214,line_perpendicular_3
Class2,P1,Class2_example_0052,2.0,0.025835138600995067,2.000166856636349,2.000166856636349,1,32,[34],300,214,line_perpendicular_3
Class2,P1,Class2_example_0053,3.0,0.04495173388680829,3.0003367574956368,3.0003367574956368,1,30,[33],300,214,line_perpendicular_3
Class2,P1,Class2_example_0054,4.0,0.06587137916736763,4.000542343057178,4.000542343057178,1,30,[34],300,214,line_perpendicular_3
Class2,P1,Class2_example_0055,,,,,0,20,[],300,214,line_perpendicular_3
Class2,P1,Class2_example_0056,,,,,0,22,[],300,214,line_perpendicular_3
Class2,P1,Class2_example_0057,3.0,0.04951958707802384,3.0004086704154784,3.0004086704154784,1,32,[29],300,214,line_perpendicular_3
Class2,P1,Class2_example_0058,2.0,0.0326619715814217,2.0002666833168985,2.0002666833168985,1,29,[27],300,214,line_perpendicular_3
Class2,P1,Class2_example_0059,2.0,0.030863033539814344,2.00023811753483,2.00023811753483,1,30,[28],300,214,line_perpendicular_3
Class2,P1,Class2_example_0060,2.0,0.03649508065029039,2.000332945014822,2.000332945014822,1,31,[29],300,214,line_perpendicular_3
Class2,P1,Class2_example_0061,2.0,0.03478792634666927,2.0003025270742176,2.0003025270742176,1,34,[32],300,214,line_perpendicular_3
Class2,P1,Class2_example_0062,0.0,0.0,0.0,0.0,1,32,[32],300,214,line_perpendicular_3
Class2,P1,Class2_example_0063,,,,,0,29,[],300,214,line_perpendicular_3
Class2,P1,Class2_example_0064,,,,,0,32,[],300,214,line_perpendicular_3
Class2,P1,Class2_example_0065,,,,,0,31,[],300,214,line_perpendicular_3
Class2,P1,Class2_example_0066,,,,,0,32,[],300,214,line_perpendicular_3
Class2,P1,Class2_example_0067,,,,,0,31,[],300,214,line_perpendicular_3
Class2,P1,Class2_example_0068,,,,,0,28,[],300,214,line_perpendicular_3
Class2,P1,Class2_example_0069,,,,,0,32,[],300,214,line_perpendicular_3
Class2,P1,Class2_example_0070,5.0,0.06509664061335041,5.000423739306414,5.000423739306414,1,42,[37],300,214,line_perpendicular_3
Class2,P1,Class2_example_0071,,,,,0,33,[],300,214,line_perpendicular_3
Class2,P1,Class2_example_0072,,,,,0,32,[],300,214,line_perpendicular_3
Class2,P1,Class2_example_0073,,,,,0,30,[],300,214,line_perpendicular_3
Class2,P1,Class2_example_0074,1.0,0.018916756119829237,1.0001789058274009,1.0001789058274009,1,39,[38],300,214,line_perpendicular_3
Class2,P1,Class2_example_0075,2.0,0.03757180896173151,2.0003528790762535,2.0003528790762535,1,38,[36],300,214,line_perpendicular_3
Class2,P1,Class2_example_0076,,,,,0,36,[],300,214,line_perpendicular_3
Class2,P1,Class2_example_0077,4.0,0.05886866212485198,4.000433166468397,4.000433166468397,1,31,[35],300,214,line_perpendicular_3
Class2,P1,Class2_example_0078,,,,,0,26,[],300,214,line_perpendicular_3
Class2,P1,Class2_example_0079,1.0,0.023942950382370598,1.0002865913691998,1.0002865913691998,1,26,[27],300,214,line_perpendicular_3
Class2,P1,Class2_example_0080,0.0,0.0,0.0,0.0,1,28,[28],300,214,line_perpendicular_3
Class2,P1,Class2_example_0081,2.0,0.0361251826264396,2.000326230598348,2.000326230598348,1,30,[28],300,214,line_perpendicular_3
Class2,P1,Class2_example_0082,,,,,0,30,[],300,214,line_perpendicular_3
Class2,P1,Class2_example_0083,,,,,0,38,[],300,214,line_perpendicular_3
Class2,P1,Class2_example_0084,,,,,0,43,[],300,214,line_perpendicular_3
Class2,P1,Class2_example_0085,1.0,0.021257625543480096,1.0002259178024466,1.0002259178024466,1,31,[30],300,214,line_perpendicular_3
Class2,P1,Class2_example_0086,,,,,0,25,[],300,214,line_perpendicular_3
Class2,P1,Class2_example_0087,3.0,0.041093922212024236,3.000281438539186,3.000281438539186,1,38,[35],300,214,line_perpendicular_3
Class2,P1,Class2_example_0088,7.0,0.08997445374057544,7.000578219142039,7.000578219142039,1,33,[40],300,214,line_perpendicular_3
Class2,P1,Class2_example_0089,1.0,0.011867628081084436,1.000070417818801,1.000070417818801,1,36,[37],300,214,line_perpendicular_3
Class2,P1,Class2_example_0090,2.0,0.037111697424740964,2.0003442898875545,2.0003442898875545,1,39,[37],300,214,line_perpendicular_3
Class2,P1,Class2_example_0091,2.0,0.03724209313952753,2.000346713322821,2.000346713322821,1,32,[30],300,214,line_perpendicular_3
Class2,P1,Class2_example_0092,2.0,0.03782099421169016,2.0003575749358316,2.0003575749358316,1,28,[26],300,214,line_perpendicular_3
Class2,P1,Class2_example_0093,2.0,0.03162383289300774,2.0002500010765765,2.0002500010765765,1,37,[35],300,214,line_perpendicular_3
Class2,P1,Class2_example_0094,,,,,0,35,[],300,214,line_perpendicular_3
Class2,P1,Class2_example_0095,2.0,0.03636728150929891,2.0003306174641176,2.0003306174641176,1,36,[34],300,214,line_perpendicular_3
Class2,P1,Class2_example_0096,1.0,0.018731045808308755,1.0001754106540877,1.0001754106540877,1,34,[33],300,214,line_perpendicular_3
Class2,P1,Class2_example_0097,1.0,0.017856663428397423,1.0001594175074267,1.0001594175074267,1,36,[35],300,214,line_perpendicular_3
Class2,P1,Class2_example_0098,,,,,0,36,[],300,214,line_perpendicular_3
Class2,P1,Class2_example_0099,3.0,0.05265629662173932,3.000462078676202,3.000462078676202,1,26,[29],300,214,line_perpendicular_3
Class2,P1,Class2_example_0100,2.0,0.031692064247548224,2.000251080973654,2.000251080973654,1,27,[29],300,214,line_perpendicular_3
Class2,P1,Class2_example_0101,3.0,0.040916393403064855,3.000279012233548,3.000279012233548,1,32,[35],300,214,line_perpendicular_3
Class2,P1,Class2_example_0102,0.0,0.0,0.0,0.0,1,25,[25],300,214,line_perpendicular_3
Class2,P1,Class2_example_0103,,,,,0,22,[],300,214,line_perpendicular_3
Class2,P1,Class2_example_0104,3.0,0.05017133051065126,3.0004194977378096,3.0004194977378096,1,33,[30],300,214,line_perpendicular_3
Class2,P1,Class2_example_0105,,,,,0,32,[],300,214,line_perpendicular_3
Class2,P1,Class2_example_0106,4.0,0.06795115875862878,4.000577128362437,4.000577128362437,1,22,[26],300,214,line_perpendicular_3
Class2,P1,Class2_example_0107,3.0,0.04987856156035253,3.0004146164994148,3.0004146164994148,1,36,[33],300,214,line_perpendicular_3
Class2,P1,Class2_example_0108,2.0,0.028551625794706603,2.000203788451447,2.000203788451447,1,39,[37],300,214,line_perpendicular_3
Class2,P1,Class2_example_0109,1.0,0.01800705892526644,1.0001621139451036,1.0001621139451036,1,37,[36],300,214,line_perpendicular_3
Class2,P1,Class2_example_0110,2.0,0.03520729982053117,2.000309864486163,2.000309864486163,1,35,[33],300,214,line_perpendicular_3
Class2,P1,Class2_example_0111,2.0,0.02199311793490677,2.0001209206536736,2.0001209206536736,1,37,[39],300,214,line_perpendicular_3
Class2,P1,Class2_example_0112,2.0,0.03050366157568618,2.000232604816131,2.000232604816131,1,29,[31],300,214,line_perpendicular_3
Class2,P1,Class2_example_0113,,,,,0,33,[],300,214,line_perpendicular_3
Class2,P1,Class2_example_0114,,,,,0,31,[],300,214,line_perpendicular_3
Class2,P1,Class2_example_0115,2.0,0.04112473002229222,2.0004227661720426,2.0004227661720426,1,33,[31],300,214,line_perpendicular_3
Class2,P1,Class2_example_0116,,,,,0,29,[],300,214,line_perpendicular_3
Class2,P1,Class2_example_0117,,,,,0,38,[],300,214,line_perpendicular_3
Class2,P1,Class2_example_0118,1.0,0.020143686813290262,1.0002028634824198,1.0002028634824198,1,40,[39],300,214,line_perpendicular_3
Class2,P1,Class2_example_0119,11.0,0.13719870697221326,11.00085557968992,11.00085557968992,1,32,[43],300,214,line_perpendicular_3
Class2,P1,Class2_example_0120,2.0,0.027737394541560323,2.0001923315161356,2.0001923315161356,1,30,[28],300,214,line_perpendicular_3
Class2,P1,Class2_example_0121,3.0,0.04212920672155629,3.0002957970938446,3.0002957970938446,1,32,[29],300,214,line_perpendicular_3
Class2,P1,Class2_example_0122,2.0,0.03982236676465711,2.000396415937286,2.000396415937286,1,28,[26],300,214,line_perpendicular_3
Class2,P1,Class2_example_0123,3.0,0.04941958328988727,3.0004070215909953,3.0004070215909953,1,28,[25],300,214,line_perpendicular_3
Class2,P1,Class2_example_0124,,,,,0,25,[],300,214,line_perpendicular_3
Class2,P1,Class2_example_0125,3.0,0.04007424091169043,3.0002676455250867,3.0002676455250867,1,36,[33],300,214,line_perpendicular_3
Class2,P1,Class2_example_0126,3.0,0.03960791921418161,3.000261453151121,3.000261453151121,1,31,[34],300,214,line_perpendicular_3
Class2,P1,Class2_example_0127,5.0,0.07845222649628969,5.000615437307914,5.000615437307914,1,27,[32],300,214,line_perpendicular_3
Class2,P1,Class2_example_0128,,,,,0,26,[],300,214,line_perpendicular_3
Class2,P1,Class2_example_0129,2.0,0.030275247635200397,2.000229134529185,2.000229134529185,1,28,[26],300,214,line_perpendicular_3
Class2,P1,Class2_example_0130,3.0,0.045933711577308856,3.000351630369225,3.000351630369225,1,42,[39],300,214,line_perpendicular_3
Class2,P1,Class2_example_0131,,,,,0,40,[],300,214,line_perpendicular_3
Class2,P1,Class2_example_0132,,,,,0,24,[],300,214,line_perpendicular_3
Class2,P1,Class2_example_0133,2.0,0.03165202458871452,2.0002504469842184,2.0002504469842184,1,31,[29],300,214,line_perpendicular_3
Class2,P1,Class2_example_0134,,,,,0,33,[],300,214,line_perpendicular_3
Class2,P1,Class2_example_0135,3.0,0.050864674075174254,3.000431171526648,3.000431171526648,1,33,[30],300,214,line_perpendicular_3
Class2,P1,Class2_example_0136,5.0,0.0830180815329955,5.000689152692998,5.000689152692998,1,25,[30],300,214,line_perpendicular_3
Class2,P1,Class2_example_0137,8.0,0.1603251566780839,8.001606348469277,8.001606348469277,1,22,[30],300,214,line_perpendicular_3
Class2,P1,Class2_example_0138,6.0,0.10590367513250587,6.000934559583746,6.000934559583746,1,26,[32],300,214,line_perpendicular_3
Class2,P1,Class2_example_0139,3.0,0.041505535101870716,3.000287104502516,3.000287104502516,1,34,[31],300,214,line_perpendicular_3
Class2,P1,Class2_example_0140,7.0,0.08331571257233394,7.000495804438528,7.000495804438528,1,41,[34],300,214,line_perpendicular_3
Class2,P1,Class2_example_0141,6.0,0.07102109615918373,6.000420318286015,6.000420318286015,1,40,[34],300,214,line_perpendicular_3
Class2,P1,Class2_example_0142,4.0,0.05536469577636005,4.0003831378429755,4.0003831378429755,1,38,[34],300,214,line_perpendicular_3
Class2,P1,Class2_example_0143,4.0,0.055761066577790674,4.0003886431877955,4.0003886431877955,1,33,[37],300,214,line_perpendicular_3
Class2,P1,Class2_example_0144,2.0,0.023052916688310776,2.000132854829358,2.000132854829358,1,35,[37],300,214,line_perpendicular_3
Class2,P1,Class2_example_0145,7.0,0.11466504684603984,7.000939085077673,7.000939085077673,1,25,[32],300,214,line_perpendicular_3
Class2,P1,Class2_example_0146,4.0,0.058518309028537385,4.0004280261606455,4.0004280261606455,1,28,[32],300,214,line_perpendicular_3
Class2,P1,Class2_example_0147,4.0,0.05533171416662985,4.000382681518434,4.000382681518434,1,28,[32],300,214,line_perpendicular_3
Class2,P1,Class2_example_0148,1.0,0.021430442701976915,1.0002296055778408,1.0002296055778408,1,33,[32],300,214,line_perpendicular_3
Class2,P1,Class2_example_0149,2.0,0.03428664047797736,2.000293871838652,2.000293871838652,1,41,[39],300,214,line_perpendicular_3
Class2,P1,Class2_example_0150,1.0,0.018879984040768183,1.0001782110191062,1.0001782110191062,1,33,[32],300,214,line_perpendicular_3
Class2,P1,Class2_example_0151,1.0,0.019603185030607206,1.000192123975861,1.000192123975861,1,26,[27],300,214,line_perpendicular_3
Class2,P1,Class2_example_0152,0.0,0.0,0.0,0.0,1,30,[30],300,214,line_perpendicular_3
Class2,P1,Class2_example_0153,5.0,0.10127690803377298,5.001025596025367,5.001025596025367,1,24,[29],300,214,line_perpendicular_3
Class2,P1,Class2_example_0154,5.0,0.10358193608827548,5.001072806656968,5.001072806656968,1,24,[29],300,214,line_perpendicular_3
Class2,P1,Class2_example_0155,4.0,0.08342565270531432,4.000869885353597,4.000869885353597,1,24,[28],300,214,line_perpendicular_3
Class2,P1,Class2_example_0156,4.0,0.06403356532107751,4.000512504353377,4.000512504353377,1,28,[32],300,214,line_perpendicular_3
Class2,P1,Class2_example_0157,3.0,0.06350606229001965,3.0006720947060486,3.0006720947060486,1,24,[27],300,214,line_perpendicular_3
Class2,P1,Class2_example_0158,4.0,0.06679010696768062,4.000557575937228,4.000557575937228,1,26,[30],300,214,line_perpendicular_3
Class2,P1,Class2_example_0159,4.0,0.07517295875883367,4.000706309356956,4.000706309356956,1,24,[28],300,214,line_perpendicular_3
Class2,P1,Class2_example_0160,3.0,0.048091914906949085,3.000385447284968,3.000385447284968,1,34,[31],300,214,line_perpendicular_3
Class2,P1,Class2_example_0161,4.0,0.05768957505092853,4.000415989252812,4.000415989252812,1,36,[32],300,214,line_perpendicular_3
Class2,P1,Class2_example_0162,4.0,0.060597880302207696,4.000458986553558,4.000458986553558,1,36,[32],300,214,line_perpendicular_3
Class2,P1,Class2_example_0163,4.0,0.061947291171771,4.000479654601873,4.000479654601873,1,39,[35],300,214,line_perpendicular_3
Class2,P1,Class2_example_0164,1.0,0.018027753166579008,1.0001624867411472,1.0001624867411472,1,35,[34],300,214,line_perpendicular_3
Class2,P1,Class2_example_0165,1.0,0.020753565763451887,1.0002153320620004,1.0002153320620004,1,24,[25],300,214,line_perpendicular_3
Class2,P1,Class2_example_0166,1.0,0.021130412537286425,1.0002232222529108,1.0002232222529108,1,31,[30],300,214,line_perpendicular_3
Class2,P1,Class2_example_0167,3.0,0.04864262898519178,3.0003943249770675,3.0003943249770675,1,44,[41],300,214,line_perpendicular_3
Class2,P1,Class2_example_0168,5.0,0.06595651116894263,5.00043500721343,5.00043500721343,1,46,[41],300,214,line_perpendicular_3
Class2,P1,Class2_example_0169,4.0,0.05329219005707242,4.00035499143777,4.00035499143777,1,45,[41],300,214,line_perpendicular_3
Class2,P1,Class2_example_0170,1.0,0.01867647199195388,1.00017439009708,1.00017439009708,1,27,[26],300,214,line_perpendicular_3
Class2,P1,Class2_example_0171,3.0,0.026687137055012244,3.000118698199155,3.000118698199155,1,36,[39],300,214,line_perpendicular_3
Class2,P1,Class2_example_0172,,,,,0,24,[],300,214,line_perpendicular_3
Class2,P1,Class2_example_0173,,,,,0,25,[],300,214,line_perpendicular_3
Class2,P1,Class2_example_0174,,,,,0,22,[],300,214,line_perpendicular_3
Class2,P1,Class2_example_0175,,,,,0,23,[],300,214,line_perpendicular_3
Class2,P1,Class2_example_0176,,,,,0,22,[],300,214,line_perpendicular_3
Class2,P1,Class2_example_0177,,,,,0,22,[],300,214,line_perpendicular_3
Class2,P1,Class2_example_0178,2.0,0.036583402577614055,2.0003345583537158,2.0003345583537158,1,35,[33],300,214,line_perpendicular_3
Class2,P1,Class2_example_0179,0.0,0.0,0.0,0.0,1,27,[27],300,214,line_perpendicular_3
Class2,P1,Class2_example_0180,5.0,0.09770904412335935,5.000954614601446,5.000954614601446,1,22,[27],300,214,line_perpendicular_3
Class2,P1,Class2_example_0181,1.0,0.021672064175206174,1.0002348116145598,1.0002348116145598,1,30,[31],300,214,line_perpendicular_3
Class2,P1,Class2_example_0182,2.0,0.03469915390463685,2.000300985172406,2.000300985172406,1,37,[35],300,214,line_perpendicular_3
Class2,P1,Class2_example_0183,4.0,0.050633408484904385,4.0003204549204305,4.0003204549204305,1,43,[39],300,214,line_perpendicular_3
Class2,P1,Class2_example_0184,3.0,0.03278203231743648,3.000179104927381,3.000179104927381,1,31,[34],300,214,line_perpendicular_3
Class2,P1,Class2_example_0185,1.0,0.020408363400282403,1.0002082289686873,1.0002082289686873,1,30,[29],300,214,line_perpendicular_3
Class2,P1,Class2_example_0186,1.0,0.018807357481394282,1.0001768427110442,1.0001768427110442,1,31,[30],300,214,line_perpendicular_3
Class2,P1,Class2_example_0187,,,,,0,34,[],300,214,line_perpendicular_3
Class2,P1,Class2_example_0188,6.0,0.07303461220569019,6.000444488084198,6.000444488084198,1,37,[31],300,214,line_perpendicular_3
Class2,P1,Class2_example_0189,3.0,0.04707436131700271,3.000369309850606,3.000369309850606,1,30,[33],300,214,line_perpendicular_3
Class2,P1,Class2_example_0190,2.0,0.0372069396530289,2.000346059150352,2.000346059150352,1,29,[27],300,214,line_perpendicular_3
Class2,P1,Class2_example_0191,1.0,0.02183039985207691,1.0002382547961768,1.0002382547961768,1,26,[25],300,214,line_perpendicular_3
Class2,P1,Class2_example_0192,3.0,0.05257314305093186,3.000460620533163,3.000460620533163,1,33,[30],300,214,line_perpendicular_3
Class2,P1,Class2_example_0193,1.0,0.018849587252577016,1.0001776376922213,1.0001776376922213,1,31,[32],300,214,line_perpendicular_3
Class2,P1,Class2_example_0194,0.0,0.0,0.0,0.0,1,35,[35],300,214,line_perpendicular_3
Class2,P1,Class2_example_0195,2.0,0.023154477663590356,2.0001340279680946,2.0001340279680946,1,32,[30],300,214,line_perpendicular_3
Class2,P1,Class2_example_0196,1.0,0.02035380687888022,1.000207117278448,1.000207117278448,1,25,[26],300,214,line_perpendicular_3
Class2,P1,Class2_example_0197,1.0,0.010769089151146494,1.0000579849594449,1.0000579849594449,1,35,[36],300,214,line_perpendicular_3
Class2,P1,Class2_example_0198,0.0,0.0,0.0,0.0,1,30,[30],300,214,line_perpendicular_3
Class2,P1,Class2_example_0199,3.0,0.041181553892294165,3.0002826400825944,3.0002826400825944,1,32,[35],300,214,line_perpendicular_3
Class2,P1,Class2_example_0200,,,,,0,30,[],300,214,line_perpendicular_3
Class2,P1,Class2_example_0201,,,,,0,41,[],300,214,line_perpendicular_3
Class2,P1,Class2_example_0202,3.0,0.046916529635173565,3.0003668376971855,3.0003668376971855,1,44,[41],300,214,line_perpendicular_3
Class2,P1,Class2_example_0203,,,,,0,29,[],300,214,line_perpendicular_3
Class2,P1,Class2_example_0204,1.0,0.02002916288669032,1.000200563570098,1.000200563570098,1,28,[27],300,214,line_perpendicular_3
Class2,P1,Class2_example_0205,,,,,0,33,[],300,214,line_perpendicular_3
Class2,P1,Class2_example_0206,2.0,0.03645432840506724,2.0003322019253362,2.0003322019253362,1,29,[27],300,214,line_perpendicular_3
Class2,P1,Class2_example_0207,1.0,0.017238695766702894,1.0001485752785617,1.0001485752785617,1,26,[25],300,214,line_perpendicular_3
Class2,P1,Class2_example_0208,2.0,0.027312401923213714,2.0001864831307143,2.0001864831307143,1,27,[25],300,214,line_perpendicular_3
Class2,P1,Class2_example_0209,1.0,0.01440034793766487,1.0001036796356295,1.0001036796356295,1,26,[25],300,214,line_perpendicular_3
Class2,P1,Class2_example_0210,,,,,0,24,[],300,214,line_perpendicular_3
Class2,P1,Class2_example_0211,6.0,0.07650408703131839,6.000487719788492,6.000487719788492,1,42,[36],300,214,line_perpendicular_3
Class2,P1,Class2_example_0212,5.0,0.06384878267366989,5.000407650087031,5.000407650087031,1,32,[37],300,214,line_perpendicular_3
Class2,P1,Class2_example_0213,1.0,0.022433748454614988,1.000251604882354,1.000251604882354,1,32,[31],300,214,line_perpendicular_3
Class2,P1,Class2_example_0214,2.0,0.03856776644475779,2.00037183358708,2.00037183358708,1,34,[32],300,214,line_perpendicular_3
Class2,P1,Class2_example_0215,1.0,0.02068987190724525,1.0002140124990944,1.0002140124990944,1,31,[30],300,214,line_perpendicular_3
Class2,P1,Class2_example_0216,2.0,0.03623747519798437,2.000328261713243,2.000328261713243,1,33,[31],300,214,line_perpendicular_3
Class2,P1,Class2_example_0217,,,,,0,34,[],300,214,line_perpendicular_3
Class2,P1,Class2_example_0218,1.0,0.01917931352957747,1.0001839061230018,1.0001839061230018,1,32,[31],300,214,line_perpendicular_3
Class2,P1,Class2_example_0219,5.0,0.06091788919047736,5.000371085151923,5.000371085151923,1,35,[40],300,214,line_perpendicular_3
Class2,P1,Class2_example_0220,1.0,0.0192755092682666,1.0001857553762457,1.0001857553762457,1,34,[33],300,214,line_perpendicular_3
Class2,P1,Class2_example_0221,,,,,0,24,[],300,214,line_perpendicular_3
Class2,P1,Class2_example_0222,,,,,0,33,[],300,214,line_perpendicular_3
Class2,P1,Class2_example_0223,4.0,0.06445226076795962,4.000519228040043,4.000519228040043,1,42,[38],300,214,line_perpendicular_3
Class2,P1,Class2_example_0224,5.0,0.06349398928769223,5.000403132415992,5.000403132415992,1,36,[41],300,214,line_perpendicular_3
Class2,P1,Class2_example_0225,0.0,0.0,0.0,0.0,1,33,[33],300,214,line_perpendicular_3
Class2,P1,Class2_example_0226,5.0,0.06947734603467037,5.000482686862542,5.000482686862542,1,34,[39],300,214,line_perpendicular_3
Class2,P1,Class2_example_0227,0.0,0.0,0.0,0.0,1,23,[23],300,214,line_perpendicular_3
Class2,P1,Class2_example_0228,1.0,0.020488950579378273,1.0002098765238445,1.0002098765238445,1,26,[25],300,214,line_perpendicular_3
Class2,P1,Class2_example_0229,2.0,0.046853933317233976,2.000548747485873,2.000548747485873,1,20,[22],300,214,line_perpendicular_3
Class2,P1,Class2_example_0230,,,,,0,21,[],300,214,line_perpendicular_3
Class2,P1,Class2_example_0231,,,,,0,21,[],300,214,line_perpendicular_3
Class2,P1,Class2_example_0232,,,,,0,21,[],300,214,line_perpendicular_3
Class2,P1,Class2_example_0233,,,,,0,22,[],300,214,line_perpendicular_3
Class2,P1,Class2_example_0234,,,,,0,34,[],300,214,line_perpendicular_3
Class2,P1,Class2_example_0235,3.0,0.035510432298898054,3.0002101577726275,3.0002101577726275,1,41,[38],300,214,line_perpendicular_3
Class2,P1,Class2_example_0236,2.0,0.03434900427152521,2.0002949417759486,2.0002949417759486,1,39,[37],300,214,line_perpendicular_3
Class2,P1,Class2_example_0237,5.0,0.055888938898044915,5.000312347593013,5.000312347593013,1,45,[40],300,214,line_perpendicular_3
Class2,P1,Class2_example_0238,2.0,0.024934611617117408,2.0001554276746836,2.0001554276746836,1,40,[38],300,214,line_perpendicular_3
Class2,P1,Class2_example_0239,3.0,0.04311294343404681,3.0003097716555116,3.0003097716555116,1,39,[36],300,214,line_perpendicular_3
Class2,P1,Class2_example_0240,2.0,0.03359840531536429,2.000282193301669,2.000282193301669,1,34,[32],300,214,line_perpendicular_3
Class2,P1,Class2_example_0241,,,,,0,31,[],300,214,line_perpendicular_3
Class2,P1,Class2_example_0242,,,,,0,33,[],300,214,line_perpendicular_3
Class2,P1,Class2_example_0243,3.0,0.044410791353769574,3.000328701723974,3.000328701723974,1,35,[32],300,214,line_perpendicular_3
Class2,P1,Class2_example_0244,,,,,0,22,[],300,214,line_perpendicular_3
Class2,P1,Class2_example_0245,,,,,0,27,[],300,214,line_perpendicular_3
Class2,P1,Class2_example_0246,2.0,0.021561805005678503,2.000116224481743,2.000116224481743,1,30,[28],300,214,line_perpendicular_3
Class2,P1,Class2_example_0247,2.0,0.030191792884972535,2.000227873107864,2.000227873107864,1,29,[27],300,214,line_perpendicular_3
Class2,P1,Class2_example_0248,3.0,0.04037005226460366,3.0002716112245316,3.0002716112245316,1,31,[28],300,214,line_perpendicular_3
Class2,P1,Class2_example_0249,3.0,0.04970326337431186,3.0004117074811676,3.0004117074811676,1,37,[34],300,214,line_perpendicular_3
Class2,P1,Class2_example_0250,2.0,0.03493606313364206,2.0003051088539663,2.0003051088539663,1,34,[32],300,214,line_perpendicular_3
Class2,P1,Class2_example_0251,3.0,0.04461615388620854,3.0003317485217527,3.0003317485217527,1,38,[35],300,214,line_perpendicular_3
Class2,P1,Class2_example_0252,3.0,0.052859072882397995,3.0004656441269226,3.0004656441269226,1,38,[35],300,214,line_perpendicular_3
Class2,P1,Class2_example_0253,3.0,0.05113380660808342,3.0004357460506017,3.0004357460506017,1,36,[33],300,214,line_perpendicular_3
Class2,P1,Class2_example_0254,5.0,0.06510883599732631,5.000423898083534,5.000423898083534,1,39,[34],300,214,line_perpendicular_3
Class2,P1,Class2_example_0255,1.0,0.019463551604442242,1.0001893969849205,1.0001893969849205,1,29,[28],300,214,line_perpendicular_3
Class2,P1,Class2_example_0256,,,,,0,31,[],300,214,line_perpendicular_3
Class2,P1,Class2_example_0257,0.0,0.0,0.0,0.0,1,30,[30],300,214,line_perpendicular_3
Class2,P1,Class2_example_0258,1.0,0.021086455972397666,1.000222294605292,1.000222294605292,1,27,[26],300,214,line_perpendicular_3
Class2,P1,Class2_example_0259,25.0,0.1202398902027092,25.00028915095175,25.00028915095175,1,23,[48],300,214,line_perpendicular_3
Class2,P1,Class2_example_0260,4.0,0.052489359965882554,4.000344376789282,4.000344376789282,1,30,[34],300,214,line_perpendicular_3
Class2,P1,Class2_example_0261,4.0,0.057503749015385686,4.000413313790317,4.000413313790317,1,28,[32],300,214,line_perpendicular_3
Class2,P1,Class2_example_0262,4.0,0.0471977618958509,4.000278443899622,4.000278443899622,1,36,[40],300,214,line_perpendicular_3
Class2,P1,Class2_example_0263,1.0,0.020461407461170422,1.0002093126917446,1.0002093126917446,1,34,[33],300,214,line_perpendicular_3
Class2,P1,Class2_example_0264,1.0,0.02033024867549904,1.00020663815594,1.00020663815594,1,33,[32],300,214,line_perpendicular_3
Class2,P1,Class2_example_0265,,,,,0,33,[],300,214,line_perpendicular_3
Class2,P1,Class2_example_0266,,,,,0,30,[],300,214,line_perpendicular_3
Class2,P1,Class2_example_0267,4.0,0.06378118323615156,4.000508472598828,4.000508472598828,1,29,[33],300,214,line_perpendicular_3
Class2,P1,Class2_example_0268,4.0,0.055709377661147585,4.000387923034389,4.000387923034389,1,30,[34],300,214,line_perpendicular_3
Class2,P1,Class2_example_0269,1.0,0.019295696304572507,1.000186144623029,1.000186144623029,1,32,[31],300,214,line_perpendicular_3
Class2,P1,Class2_example_0270,2.0,0.023212096367524082,2.0001346958187027,2.0001346958187027,1,37,[39],300,214,line_perpendicular_3
Class2,P1,Class2_example_0271,,,,,0,37,[],300,214,line_perpendicular_3
Class2,P1,Class2_example_0272,,,,,0,33,[],300,214,line_perpendicular_3
Class2,P1,Class2_example_0273,,,,,0,28,[],300,214,line_perpendicular_3
Class2,P1,Class2_example_0274,,,,,0,26,[],300,214,line_perpendicular_3
Class2,P1,Class2_example_0275,,,,,0,35,[],300,214,line_perpendicular_3
Class2,P1,Class2_example_0276,,,,,0,34,[],300,214,line_perpendicular_3
Class2,P1,Class2_example_0277,,,,,0,27,[],300,214,line_perpendicular_3
Class2,P1,Class2_example_0278,,,,,0,29,[],300,214,line_perpendicular_3
Class2,P1,Class2_example_0279,2.0,0.04075333743656617,2.000415165537449,2.000415165537449,1,31,[29],300,214,line_perpendicular_3
Class2,P1,Class2_example_0280,5.0,0.05629250236458028,5.000316874541299,5.000316874541299,1,41,[36],300,214,line_perpendicular_3
Class2,P1,Class2_example_0281,,,,,0,31,[],300,214,line_perpendicular_3
Class2,P1,Class2_example_0282,3.0,0.05176736657354564,3.000446610130225,3.000446610130225,1,36,[33],300,214,line_perpendicular_3
Class2,P1,Class2_example_0283,1.0,0.011683915098594233,1.00006825460667,1.00006825460667,1,36,[37],300,214,line_perpendicular_3
Class2,P1,Class2_example_0284,0.0,0.0,0.0,0.0,1,37,[37],300,214,line_perpendicular_3
Class2,P1,Class2_example_0285,2.0,0.03283936487362993,2.00026958780193,2.00026958780193,1,31,[29],300,214,line_perpendicular_3
Class2,P1,Class2_example_0286,1.0,0.01901468020285879,1.0001807626940327,1.0001807626940327,1,30,[29],300,214,line_perpendicular_3
Class2,P1,Class2_example_0287,3.0,0.029947166615626908,3.000149468407917,3.000149468407917,1,38,[41],300,214,line_perpendicular_3
Class2,P1,Class2_example_0288,,,,,0,37,[],300,214,line_perpendicular_3
Class2,P1,Class2_example_0289,4.0,0.057204772631266,4.000409027338554,4.000409027338554,1,46,[42],300,214,line_perpendicular_3
Class2,P1,Class2_example_0290,2.0,0.03217037196762251,2.00025871647458,2.00025871647458,1,36,[34],300,214,line_perpendicular_3
Class2,P1,Class2_example_0291,2.0,0.0369373497258475,2.000341062870222,2.000341062870222,1,27,[25],300,214,line_perpendicular_3
Class2,P1,Class2_example_0292,0.0,0.0,0.0,0.0,1,25,[25],300,214,line_perpendicular_3
Class2,P1,Class2_example_0293,2.0,0.03639537661923353,2.000331128448302,2.000331128448302,1,33,[31],300,214,line_perpendicular_3
Class2,P1,Class2_example_0294,,,,,0,28,[],300,214,line_perpendicular_3
Class2,P1,Class2_example_0295,1.0,0.023584214464188458,1.000278068924783,1.000278068924783,1,26,[27],300,214,line_perpendicular_3
Class2,P1,Class2_example_0296,,,,,0,28,[],300,214,line_perpendicular_3
Class2,P1,Class2_example_0297,2.0,0.030275247635200397,2.000229134529185,2.000229134529185,1,28,[26],300,214,line_perpendicular_3
Class2,P1,Class2_example_0298,3.0,0.048080989171416566,3.0003852721808415,3.0003852721808415,1,32,[29],300,214,line_perpendicular_3
Class2,P1,Class2_example_0299,2.0,0.034774743674415576,2.0003022978534073,2.0003022978534073,1,33,[31],300,214,line_perpendicular_3
Class2,P1,Class2_example_0300,,,,,0,26,[],300,214,line_perpendicular_3
Class3,P1,Class3_example_0001,7.0,0.11408703597045355,7.00092964196731,7.00092964196731,1,29,[36],300,261,line_perpendicular_3
Class3,P1,Class3_example_0002,,,,,0,27,[],300,261,line_perpendicular_3
Class3,P1,Class3_example_0003,3.0,0.050715176124777384,3.0004286408927254,3.0004286408927254,1,30,[27],300,261,line_perpendicular_3
Class3,P1,Class3_example_0004,2.0,0.0378488641363649,2.0003581020698302,2.0003581020698302,1,33,[31],300,261,line_perpendicular_3
Class3,P1,Class3_example_0005,2.0,0.034428355468629435,2.000296305965762,2.000296305965762,1,30,[28],300,261,line_perpendicular_3
Class3,P1,Class3_example_0006,2.0,0.03339325398147619,2.0002787579263726,2.0002787579263726,1,27,[25],300,261,line_perpendicular_3
Class3,P1,Class3_example_0007,2.0,0.03791314218840014,2.000359319310058,2.000359319310058,1,23,[21],300,261,line_perpendicular_3
Class3,P1,Class3_example_0008,0.0,0.0,0.0,0.0,1,25,[25],300,261,line_perpendicular_3
Class3,P1,Class3_example_0009,1.0,0.01887177537811191,1.0001780561009734,1.0001780561009734,1,24,[23],300,261,line_perpendicular_3
Class3,P1,Class3_example_0010,0.0,0.0,0.0,0.0,1,21,[21],300,261,line_perpendicular_3
Class3,P1,Class3_example_0011,1.0,0.021134863730989717,1.0002233162973793,1.0002233162973793,1,21,[20],300,261,line_perpendicular_3
Class3,P1,Class3_example_0012,2.0,0.04141320740803622,2.000428717487284,2.000428717487284,1,25,[23],300,261,line_perpendicular_3
Class3,P1,Class3_example_0013,1.0,0.016850201821820898,1.0001419545751673,1.0001419545751673,1,19,[18],300,261,line_perpendicular_3
Class3,P1,Class3_example_0014,2.0,0.039945888063203205,2.000398878717232,2.000398878717232,1,22,[20],300,261,line_perpendicular_3
Class3,P1,Class3_example_0015,6.0,0.15581421728442602,6.002022831538377,6.002022831538377,1,16,[22],300,261,line_perpendicular_3
Class3,P1,Class3_example_0016,1.0,0.016353500138874377,1.0001337095442748,1.0001337095442748,1,24,[23],300,261,line_perpendicular_3
Class3,P1,Class3_example_0017,2.0,0.03627759457993318,2.000328988908701,2.000328988908701,1,26,[24],300,261,line_perpendicular_3
Class3,P1,Class3_example_0018,1.0,0.016947710665569105,1.0001436021376149,1.0001436021376149,1,23,[22],300,261,line_perpendicular_3
Class3,P1,Class3_example_0019,3.0,0.0259779399467166,3.0001124734522664,3.0001124734522664,1,39,[36],300,261,line_perpendicular_3
Class3,P1,Class3_example_0020,4.0,0.035555363781309635,4.000158019865418,4.000158019865418,1,37,[33],300,261,line_perpendicular_3
Class3,P1,Class3_example_0021,3.0,0.052207707792856106,3.0004542397365412,3.0004542397365412,1,31,[28],300,261,line_perpendicular_3
Class3,P1,Class3_example_0022,3.0,0.045489927694508436,3.0003448690978263,3.0003448690978263,1,27,[24],300,261,line_perpendicular_3
Class3,P1,Class3_example_0023,2.0,0.0402135741080073,2.00040424203273,2.00040424203273,1,28,[26],300,261,line_perpendicular_3
Class3,P1,Class3_example_0024,2.0,0.03834546431950814,2.0003675598834025,2.0003675598834025,1,24,[22],300,261,line_perpendicular_3
Class3,P1,Class3_example_0025,1.0,0.02019266410001197,1.0002038510640998,1.0002038510640998,1,25,[24],300,261,line_perpendicular_3
Class3,P1,Class3_example_0026,2.0,0.035369629775897526,2.0003127282278848,2.0003127282278848,1,33,[31],300,261,line_perpendicular_3
Class3,P1,Class3_example_0027,3.0,0.05483636985699447,3.0005011293880717,3.0005011293880717,1,32,[29],300,261,line_perpendicular_3
Class3,P1,Class3_example_0028,3.0,0.04982425038060079,3.0004137141277685,3.0004137141277685,1,34,[31],300,261,line_perpendicular_3
Class3,P1,Class3_example_0029,2.0,0.03232669515500852,2.0002612367437522,2.0002612367437522,1,28,[26],300,261,line_perpendicular_3
Class3,P1,Class3_example_0030,4.0,0.06193097917531276,4.000479402044411,4.000479402044411,1,31,[27],300,261,line_perpendicular_3
Class3,P1,Class3_example_0031,3.0,0.05035443283980057,3.000422565057565,3.000422565057565,1,30,[27],300,261,line_perpendicular_3
Class3,P1,Class3_example_0032,3.0,0.04435760837905045,3.0003279149821456,3.0003279149821456,1,32,[29],300,261,line_perpendicular_3
Class3,P1,Class3_example_0033,4.0,0.07272314738272978,4.000661027401003,4.000661027401003,1,32,[28],300,261,line_perpendicular_3
Class3,P1,Class3_example_0034,2.0,0.03677368433395245,2.000338047395863,2.000338047395863,1,32,[30],300,261,line_perpendicular_3
Class3,P1,Class3_example_0035,2.0,0.03832163095108676,2.0003671031585055,2.0003671031585055,1,30,[28],300,261,line_perpendicular_3
Class3,P1,Class3_example_0036,3.0,0.05009995587027505,3.000418305099841,3.000418305099841,1,30,[27],300,261,line_perpendicular_3
Class3,P1,Class3_example_0037,2.0,0.04005602582455059,2.0004010810847053,2.0004010810847053,1,24,[22],300,261,line_perpendicular_3
Class3,P1,Class3_example_0038,,,,,0,25,[],300,261,line_perpendicular_3
Class3,P1,Class3_example_0039,1.0,0.02127368705190258,1.0002262592837594,1.0002262592837594,1,25,[24],300,261,line_perpendicular_3
Class3,P1,Class3_example_0040,1.0,0.020810716815054864,1.0002165195268256,1.0002165195268256,1,25,[24],300,261,line_perpendicular_3
Class3,P1,Class3_example_0041,3.0,0.04664261261744096,3.000362566976161,3.000362566976161,1,31,[28],300,261,line_perpendicular_3
Class3,P1,Class3_example_0042,1.0,0.020537561580444397,1.000210873484022,1.000210873484022,1,27,[26],300,261,line_perpendicular_3
Class3,P1,Class3_example_0043,1.0,0.019247087047266187,1.0001852080288955,1.0001852080288955,1,23,[24],300,261,line_perpendicular_3
Class3,P1,Class3_example_0044,6.0,0.09282450271954268,6.000717989399696,6.000717989399696,1,27,[33],300,261,line_perpendicular_3
Class3,P1,Class3_example_0045,3.0,0.05402266475132422,3.000486368625399,3.000486368625399,1,29,[26],300,261,line_perpendicular_3
Class3,P1,Class3_example_0046,2.0,0.03625899939339261,2.0003286517562584,2.0003286517562584,1,32,[30],300,261,line_perpendicular_3
Class3,P1,Class3_example_0047,0.0,0.0,0.0,0.0,1,26,[26],300,261,line_perpendicular_3
Class3,P1,Class3_example_0048,1.0,0.018053815768057202,1.0001629568544252,1.0001629568544252,1,33,[32],300,261,line_perpendicular_3
Class3,P1,Class3_example_0049,1.0,0.019514603508223982,1.0001903917505324,1.0001903917505324,1,30,[31],300,261,line_perpendicular_3
Class3,P1,Class3_example_0050,0.0,0.0,0.0,0.0,1,29,[29],300,261,line_perpendicular_3
Class3,P1,Class3_example_0051,1.0,0.021871264398178214,1.0002391475074224,1.0002391475074224,1,30,[29],300,261,line_perpendicular_3
Class3,P1,Class3_example_0052,1.0,0.02146922473305135,1.0002304372546549,1.0002304372546549,1,30,[31],300,261,line_perpendicular_3
Class3,P1,Class3_example_0053,0.0,0.0,0.0,0.0,1,29,[29],300,261,line_perpendicular_3
Class3,P1,Class3_example_0054,1.0,0.019301305013726067,1.0001862528425558,1.0001862528425558,1,29,[28],300,261,line_perpendicular_3
Class3,P1,Class3_example_0055,2.0,0.03793949792626827,2.0003598190082945,2.0003598190082945,1,31,[29],300,261,line_perpendicular_3
Class3,P1,Class3_example_0056,2.0,0.0360330589335871,2.0003245689977693,2.0003245689977693,1,24,[22],300,261,line_perpendicular_3
Class3,P1,Class3_example_0057,0.0,0.0,0.0,0.0,1,28,[28],300,261,line_perpendicular_3
Class3,P1,Class3_example_0058,2.0,0.035238652076099275,2.000310416560425,2.000310416560425,1,31,[29],300,261,line_perpendicular_3
Class3,P1,Class3_example_0059,,,,,0,26,[],300,261,line_perpendicular_3
Class3,P1,Class3_example_0060,2.0,0.04350596474800994,2.0004731362776793,2.0004731362776793,1,25,[23],300,261,line_perpendicular_3
Class3,P1,Class3_example_0061,,,,,0,27,[],300,261,line_perpendicular_3
Class3,P1,Class3_example_0062,1.0,0.01626615017818467,1.0001322850711396,1.0001322850711396,1,29,[28],300,261,line_perpendicular_3
Class3,P1,Class3_example_0063,1.0,0.019600308261156996,1.0001920675969853,1.0001920675969853,1,33,[32],300,261,line_perpendicular_3
Class3,P1,Class3_example_0064,1.0,0.022084202056284474,1.0002438262646076,1.0002438262646076,1,29,[28],300,261,line_perpendicular_3
Class3,P1,Class3_example_0065,1.0,0.023245283390261884,1.000270135113457,1.000270135113457,1,26,[27],300,261,line_perpendicular_3
Class3,P1,Class3_example_0066,1.0,0.02152535399941269,1.0002316436030205,1.0002316436030205,1,26,[25],300,261,line_perpendicular_3
Class3,P1,Class3_example_0067,1.0,0.021755350621119385,1.0002366196458956,1.0002366196458956,1,27,[26],300,261,line_perpendicular_3
Class3,P1,Class3_example_0068,1.0,0.015886571394459148,1.0001261836141835,1.0001261836141835,1,26,[25],300,261,line_perpendicular_3
Class3,P1,Class3_example_0069,1.0,0.0163134227697031,1.0001330550294112,1.0001330550294112,1,23,[24],300,261,line_perpendicular_3
Class3,P1,Class3_example_0070,2.0,0.03062652132131438,2.000234482206585,2.000234482206585,1,27,[25],300,261,line_perpendicular_3
Class3,P1,Class3_example_0071,2.0,0.032247965804270695,2.0002599659290574,2.0002599659290574,1,30,[28],300,261,line_perpendicular_3
Class3,P1,Class3_example_0072,2.0,0.031518085047888,2.0002483320040754,2.0002483320040754,1,31,[29],300,261,line_perpendicular_3
Class3,P1,Class3_example_0073,4.0,0.06056626387274677,4.000458507761267,4.000458507761267,1,34,[30],300,261,line_perpendicular_3
Class3,P1,Class3_example_0074,2.0,0.03084912496983072,2.000237902978394,2.000237902978394,1,33,[31],300,261,line_perpendicular_3
Class3,P1,Class3_example_0075,0.0,0.0,0.0,0.0,1,31,[31],300,261,line_perpendicular_3
Class3,P1,Class3_example_0076,1.0,0.02223847338524787,1.0002472442843853,1.0002472442843853,1,28,[27],300,261,line_perpendicular_3
Class3,P1,Class3_example_0077,3.0,0.05854434817538057,3.000571185741688,3.000571185741688,1,31,[28],300,261,line_perpendicular_3
Class3,P1,Class3_example_0078,1.0,0.018438935070819396,1.000169982716211,1.000169982716211,1,25,[24],300,261,line_perpendicular_3
Class3,P1,Class3_example_0079,1.0,0.0220455890207909,1.000242974479338,1.000242974479338,1,26,[25],300,261,line_perpendicular_3
Class3,P1,Class3_example_0080,3.0,0.054048062820951204,3.000486826015855,3.000486826015855,1,30,[27],300,261,line_perpendicular_3
Class3,P1,Class3_example_0081,0.0,0.0,0.0,0.0,1,30,[30],300,261,line_perpendicular_3
Class3,P1,Class3_example_0082,0.0,0.0,0.0,0.0,1,30,[30],300,261,line_perpendicular_3
Class3,P1,Class3_example_0083,1.0,0.018667998779436812,1.000174231910835,1.000174231910835,1,26,[27],300,261,line_perpendicular_3
Class3,P1,Class3_example_0084,0.0,0.0,0.0,0.0,1,30,[30],300,261,line_perpendicular_3
Class3,P1,Class3_example_0085,1.0,0.019405493376519534,1.0001882688640105,1.0001882688640105,1,29,[28],300,261,line_perpendicular_3
Class3,P1,Class3_example_0086,1.0,0.020957757118520437,1.0002195896819053,1.0002195896819053,1,28,[27],300,261,line_perpendicular_3
Class3,P1,Class3_example_0087,2.0,0.03975363922304298,2.0003950489419524,2.0003950489419524,1,28,[26],300,261,line_perpendicular_3
Class3,P1,Class3_example_0088,1.0,0.02080312962765518,1.000216361694961,1.000216361694961,1,29,[30],300,261,line_perpendicular_3
Class3,P1,Class3_example_0089,0.0,0.0,0.0,0.0,1,28,[28],300,261,line_perpendicular_3
Class3,P1,Class3_example_0090,0.0,0.0,0.0,0.0,1,32,[32],300,261,line_perpendicular_3
Class3,P1,Class3_example_0091,,,,,0,25,[],300,261,line_perpendicular_3
Class3,P1,Class3_example_0092,1.0,0.01752308621237525,1.0001535174913931,1.0001535174913931,1,20,[19],300,261,line_perpendicular_3
Class3,P1,Class3_example_0093,3.0,0.05840506029708792,3.000568471318111,3.000568471318111,1,26,[23],300,261,line_perpendicular_3
Class3,P1,Class3_example_0094,,,,,0,28,[],300,261,line_perpendicular_3
Class3,P1,Class3_example_0095,3.0,0.053982929310051664,3.0004856534662676,3.0004856534662676,1,29,[26],300,261,line_perpendicular_3
Class3,P1,Class3_example_0096,,,,,0,26,[],300,261,line_perpendicular_3
Class3,P1,Class3_example_0097,1.0,0.01819836507395317,1.0001655765378874,1.0001655765378874,1,22,[21],300,261,line_perpendicular_3
Class3,P1,Class3_example_0098,2.0,0.04076292185595387,2.0004153608184065,2.0004153608184065,1,25,[23],300,261,line_perpendicular_3
Class3,P1,Class3_example_0099,,,,,0,23,[],300,261,line_perpendicular_3
Class3,P1,Class3_example_0100,2.0,0.037220508771587224,2.0003463115853757,2.0003463115853757,1,30,[28],300,261,line_perpendicular_3
Class3,P1,Class3_example_0101,2.0,0.042969455824799274,2.0004615402786126,2.0004615402786126,1,29,[27],300,261,line_perpendicular_3
Class3,P1,Class3_example_0102,1.0,0.019242660033143344,1.0001851228473413,1.0001851228473413,1,25,[24],300,261,line_perpendicular_3
Class3,P1,Class3_example_0103,3.0,0.048397254773558496,3.000390356981841,3.000390356981841,1,27,[24],300,261,line_perpendicular_3
Class3,P1,Class3_example_0104,2.0,0.029806412465983367,2.000222093224673,2.000222093224673,1,22,[20],300,261,line_perpendicular_3
Class3,P1,Class3_example_0105,0.0,0.0,0.0,0.0,1,23,[23],300,261,line_perpendicular_3
Class3,P1,Class3_example_0106,1.0,0.01846601273462034,1.0001704822810535,1.0001704822810535,1,27,[26],300,261,line_perpendicular_3
Class3,P1,Class3_example_0107,1.0,0.01824252784083169,1.0001663810696817,1.0001663810696817,1,26,[25],300,261,line_perpendicular_3
Class3,P1,Class3_example_0108,2.0,0.030972696205776584,2.000239812600043,2.000239812600043,1,31,[29],300,261,line_perpendicular_3
Class3,P1,Class3_example_0109,2.0,0.033127628029962886,2.0002743411189603,2.0002743411189603,1,25,[23],300,261,line_perpendicular_3
Class3,P1,Class3_example_0110,,,,,0,29,[],300,261,line_perpendicular_3
Class3,P1,Class3_example_0111,,,,,0,18,[],300,261,line_perpendicular_3
Class3,P1,Class3_example_0112,1.0,0.01736167788131815,1.0001507025737946,1.0001507025737946,1,27,[26],300,261,line_perpendicular_3
Class3,P1,Class3_example_0113,3.0,0.049006592648132785,3.0004002476541327,3.0004002476541327,1,29,[26],300,261,line_perpendicular_3
Class3,P1,Class3_example_0114,2.0,0.03896243460482818,2.00037948182597,2.00037948182597,1,25,[23],300,261,line_perpendicular_3
Class3,P1,Class3_example_0115,,,,,0,22,[],300,261,line_perpendicular_3
Class3,P1,Class3_example_0116,,,,,0,21,[],300,261,line_perpendicular_3
Class3,P1,Class3_example_0117,,,,,0,21,[],300,261,line_perpendicular_3
Class3,P1,Class3_example_0118,0.0,0.0,0.0,0.0,1,26,[26],300,261,line_perpendicular_3
Class3,P1,Class3_example_0119,1.0,0.02320304691090208,1.0002691544709101,1.0002691544709101,1,25,[24],300,261,line_perpendicular_3
Class3,P1,Class3_example_0120,2.0,0.03381330517484127,2.0002858144792324,2.0002858144792324,1,32,[30],300,261,line_perpendicular_3
Class3,P1,Class3_example_0121,2.0,0.04074916602504175,2.0004150805599665,2.0004150805599665,1,31,[29],300,261,line_perpendicular_3
Class3,P1,Class3_example_0122,1.0,0.021453763867713693,1.0002301055177711,1.0002301055177711,1,30,[29],300,261,line_perpendicular_3
Class3,P1,Class3_example_0123,2.0,0.03636465272183809,2.0003305696728177,2.0003305696728177,1,33,[31],300,261,line_perpendicular_3
Class3,P1,Class3_example_0124,0.0,0.0,0.0,0.0,1,25,[25],300,261,line_perpendicular_3
Class3,P1,Class3_example_0125,,,,,0,26,[],300,261,line_perpendicular_3
Class3,P1,Class3_example_0126,2.0,0.0439419164920537,2.00048266476493,2.00048266476493,1,32,[30],300,261,line_perpendicular_3
Class3,P1,Class3_example_0127,1.0,0.020841735199086497,1.0002171653826528,1.0002171653826528,1,22,[23],300,261,line_perpendicular_3
Class3,P1,Class3_example_0128,5.0,0.09515741989104387,5.000905411479038,5.000905411479038,1,22,[27],300,261,line_perpendicular_3
Class3,P1,Class3_example_0129,1.0,0.018671503853686544,1.000174297338298,1.000174297338298,1,25,[24],300,261,line_perpendicular_3
Class3,P1,Class3_example_0130,9.0,0.1505177640317662,9.001258556295843,9.001258556295843,1,27,[36],300,261,line_perpendicular_3
Class3,P1,Class3_example_0131,1.0,0.019566890503749823,1.0001914132824705,1.0001914132824705,1,31,[30],300,261,line_perpendicular_3
Class3,P1,Class3_example_0132,1.0,0.020201956054213488,1.000204038698313,1.000204038698313,1,29,[28],300,261,line_perpendicular_3
Class3,P1,Class3_example_0133,0.0,0.0,0.0,0.0,1,29,[29],300,261,line_perpendicular_3
Class3,P1,Class3_example_0134,7.0,0.1163045485254508,7.000966129614377,7.000966129614377,1,29,[36],300,261,line_perpendicular_3
Class3,P1,Class3_example_0135,1.0,0.022141236088098926,1.0002450871339028,1.0002450871339028,1,27,[28],300,261,line_perpendicular_3
Class3,P1,Class3_example_0136,2.0,0.03535725870080986,2.000312509520159,2.000312509520159,1,31,[29],300,261,line_perpendicular_3
Class3,P1,Class3_example_0137,0.0,0.0,0.0,0.0,1,24,[24],300,261,line_perpendicular_3
Class3,P1,Class3_example_0138,3.0,0.059907070891480396,3.0005980832398724,3.0005980832398724,1,30,[27],300,261,line_perpendicular_3
Class3,P1,Class3_example_0139,,,,,0,19,[],300,261,line_perpendicular_3
Class3,P1,Class3_example_0140,,,,,0,24,[],300,261,line_perpendicular_3
Class3,P1,Class3_example_0141,,,,,0,18,[],300,261,line_perpendicular_3
Class3,P1,Class3_example_0142,1.0,0.01786952394244612,1.0001596471993508,1.0001596471993508,1,24,[23],300,261,line_perpendicular_3
Class3,P1,Class3_example_0143,2.0,0.032587660211676694,2.000265471280768,2.000265471280768,1,23,[21],300,261,line_perpendicular_3
Class3,P1,Class3_example_0144,0.0,0.0,0.0,0.0,1,26,[26],300,261,line_perpendicular_3
Class3,P1,Class3_example_0145,3.0,0.041594326348827315,3.000288334141306,3.000288334141306,1,28,[25],300,261,line_perpendicular_3
Class3,P1,Class3_example_0146,2.0,0.03458302010481085,2.0002989739735333,2.0002989739735333,1,28,[26],300,261,line_perpendicular_3
Class3,P1,Class3_example_0147,2.0,0.03150529222713783,2.000248130467397,2.000248130467397,1,26,[24],300,261,line_perpendicular_3
Class3,P1,Class3_example_0148,0.0,0.0,0.0,0.0,1,26,[26],300,261,line_perpendicular_3
Class3,P1,Class3_example_0149,2.0,0.03229937539718353,2.0002607954092007,2.0002607954092007,1,28,[26],300,261,line_perpendicular_3
Class3,P1,Class3_example_0150,2.0,0.04616157754230338,2.0005326518807918,2.0005326518807918,1,24,[22],300,261,line_perpendicular_3
Class3,P1,Class3_example_0151,1.0,0.023838734078439394,1.000284102264183,1.000284102264183,1,26,[27],300,261,line_perpendicular_3
Class3,P1,Class3_example_0152,1.0,0.02085887341464565,1.0002175226420142,1.0002175226420142,1,26,[27],300,261,line_perpendicular_3
Class3,P1,Class3_example_0153,1.0,0.015065043002794765,1.0001134713224675,1.0001134713224675,1,32,[33],300,261,line_perpendicular_3
Class3,P1,Class3_example_0154,2.0,0.0398174986498423,2.0003963190324887,2.0003963190324887,1,30,[28],300,261,line_perpendicular_3
Class3,P1,Class3_example_0155,,,,,0,25,[],300,261,line_perpendicular_3
Class3,P1,Class3_example_0156,,,,,0,23,[],300,261,line_perpendicular_3
Class3,P1,Class3_example_0157,2.0,0.04178205193970297,2.0004363873575914,2.0004363873575914,1,27,[25],300,261,line_perpendicular_3
Class3,P1,Class3_example_0158,2.0,0.04244572214712872,2.000450359126312,2.000450359126312,1,27,[25],300,261,line_perpendicular_3
Class3,P1,Class3_example_0159,3.0,0.0671789455448924,3.000752074184824,3.000752074184824,1,19,[22],300,261,line_perpendicular_3
Class3,P1,Class3_example_0160,2.0,0.04619191484891133,2.000533352133228,2.000533352133228,1,25,[27],300,261,line_perpendicular_3
Class3,P1,Class3_example_0161,2.0,0.04219402642603509,2.000445034452594,2.000445034452594,1,20,[18],300,261,line_perpendicular_3
Class3,P1,Class3_example_0162,3.0,0.05444252647637099,3.0004939574491947,3.0004939574491947,1,21,[18],300,261,line_perpendicular_3
Class3,P1,Class3_example_0163,1.0,0.014356881837146618,1.0001030547179055,1.0001030547179055,1,24,[23],300,261,line_perpendicular_3
Class3,P1,Class3_example_0164,2.0,0.023642311903701585,2.0001397348465813,2.0001397348465813,1,25,[23],300,261,line_perpendicular_3
Class3,P1,Class3_example_0165,1.0,0.021259608301483934,1.0002259599436183,1.0002259599436183,1,21,[20],300,261,line_perpendicular_3
Class3,P1,Class3_example_0166,2.0,0.02536243204431554,2.000160806775096,2.000160806775096,1,24,[22],300,261,line_perpendicular_3
Class3,P1,Class3_example_0167,2.0,0.03303666045683412,2.000272836623579,2.000272836623579,1,22,[20],300,261,line_perpendicular_3
Class3,P1,Class3_example_0168,0.0,0.0,0.0,0.0,1,20,[20],300,261,line_perpendicular_3
Class3,P1,Class3_example_0169,2.0,0.03162078405225899,2.00024995287691,2.00024995287691,1,19,[17],300,261,line_perpendicular_3
Class3,P1,Class3_example_0170,1.0,0.02034214403662704,1.0002068800123336,1.0002068800123336,1,24,[23],300,261,line_perpendicular_3
Class3,P1,Class3_example_0171,3.0,0.053194682259202264,3.0004715753062317,3.0004715753062317,1,21,[18],300,261,line_perpendicular_3
Class3,P1,Class3_example_0172,,,,,0,16,[],300,261,line_perpendicular_3
Class3,P1,Class3_example_0173,3.0,0.046446530293079935,3.0003595251529886,3.0003595251529886,1,33,[30],300,261,line_perpendicular_3
Class3,P1,Class3_example_0174,3.0,0.04572523961538566,3.0003484460205425,3.0003484460205425,1,32,[29],300,261,line_perpendicular_3
Class3,P1,Class3_example_0175,2.0,0.03266791958266313,2.000266780449513,2.000266780449513,1,30,[28],300,261,line_perpendicular_3
Class3,P1,Class3_example_0176,2.0,0.039991421907103475,2.000399788498827,2.000399788498827,1,30,[28],300,261,line_perpendicular_3
Class3,P1,Class3_example_0177,1.0,0.018459440375565128,1.0001703609580614,1.0001703609580614,1,32,[31],300,261,line_perpendicular_3
Class3,P1,Class3_example_0178,3.0,0.05544258262509438,3.000512269591334,3.000512269591334,1,32,[29],300,261,line_perpendicular_3
Class3,P1,Class3_example_0179,2.0,0.03265535088610977,2.000266575219787,2.000266575219787,1,31,[29],300,261,line_perpendicular_3
Class3,P1,Class3_example_0180,2.0,0.024780231214318882,2.0001535090735,2.0001535090735,1,30,[28],300,261,line_perpendicular_3
Class3,P1,Class3_example_0181,2.0,0.028046207927750255,2.0001966377781777,2.0001966377781777,1,32,[30],300,261,line_perpendicular_3
Class3,P1,Class3_example_0182,,,,,0,24,[],300,261,line_perpendicular_3
Class3,P1,Class3_example_0183,7.0,0.13624953734182954,7.001325869892492,7.001325869892492,1,24,[31],300,261,line_perpendicular_3
Class3,P1,Class3_example_0184,,,,,0,25,[],300,261,line_perpendicular_3
Class3,P1,Class3_example_0185,,,,,0,23,[],300,261,line_perpendicular_3
Class3,P1,Class3_example_0186,,,,,0,24,[],300,261,line_perpendicular_3
Class3,P1,Class3_example_0187,,,,,0,27,[],300,261,line_perpendicular_3
Class3,P1,Class3_example_0188,2.0,0.02455697778972643,2.000150755607728,2.000150755607728,1,29,[27],300,261,line_perpendicular_3
Class3,P1,Class3_example_0189,3.0,0.043068555608606895,3.000309134153048,3.000309134153048,1,24,[21],300,261,line_perpendicular_3
Class3,P1,Class3_example_0190,1.0,0.016917093062456923,1.0001430837823575,1.0001430837823575,1,27,[26],300,261,line_perpendicular_3
Class3,P1,Class3_example_0191,5.0,0.08931300896072758,5.000797617737557,5.000797617737557,1,24,[29],300,261,line_perpendicular_3
Class3,P1,Class3_example_0192,5.0,0.11622894598513256,5.001350734340156,5.001350734340156,1,22,[27],300,261,line_perpendicular_3
Class3,P1,Class3_example_0193,3.0,0.059456238219677715,3.0005891162008895,3.0005891162008895,1,24,[27],300,261,line_perpendicular_3
Class3,P1,Class3_example_0194,,,,,0,27,[],300,261,line_perpendicular_3
Class3,P1,Class3_example_0195,7.0,0.1269191000430594,7.001150509591673,7.001150509591673,1,25,[32],300,261,line_perpendicular_3
Class3,P1,Class3_example_0196,3.0,0.052344878005979645,3.000456629623808,3.000456629623808,1,25,[28],300,261,line_perpendicular_3
Class3,P1,Class3_example_0197,7.0,0.1333919904895179,7.001270843434551,7.001270843434551,1,24,[31],300,261,line_perpendicular_3
Class3,P1,Class3_example_0198,5.0,0.09981495572323373,5.000996203296502,5.000996203296502,1,23,[28],300,261,line_perpendicular_3
Class3,P1,Class3_example_0199,5.0,0.10147072219423137,5.00102952475414,5.00102952475414,1,24,[29],300,261,line_perpendicular_3
Class3,P1,Class3_example_0200,7.0,0.1372690044814554,7.001345783461301,7.001345783461301,1,23,[30],300,261,line_perpendicular_3
Class3,P1,Class3_example_0201,2.0,0.032853249566115794,2.0002698158016217,2.0002698158016217,1,27,[25],300,261,line_perpendicular_3
Class3,P1,Class3_example_0202,2.0,0.038022800913036,2.0003614006947026,2.0003614006947026,1,29,[27],300,261,line_perpendicular_3
Class3,P1,Class3_example_0203,2.0,0.03753450366192157,2.0003521787338214,2.0003521787338214,1,26,[24],300,261,line_perpendicular_3
Class3,P1,Class3_example_0204,3.0,0.041526875291524046,3.0002873997954724,3.0002873997954724,1,28,[25],300,261,line_perpendicular_3
Class3,P1,Class3_example_0205,3.0,0.03787577529146713,3.00023908619862,3.00023908619862,1,31,[28],300,261,line_perpendicular_3
Class3,P1,Class3_example_0206,3.0,0.04340774973735306,3.000314022354537,3.000314022354537,1,24,[21],300,261,line_perpendicular_3
Class3,P1,Class3_example_0207,3.0,0.04675956995166208,3.000364387433977,3.000364387433977,1,27,[24],300,261,line_perpendicular_3
Class3,P1,Class3_example_0208,4.0,0.06561254668652788,4.000538089592785,4.000538089592785,1,31,[27],300,261,line_perpendicular_3
Class3,P1,Class3_example_0209,3.0,0.04120991412911934,3.00028302948614,3.00028302948614,1,31,[28],300,261,line_perpendicular_3
Class3,P1,Class3_example_0210,1.0,0.01963356757938134,1.0001927199174638,1.0001927199174638,1,19,[18],300,261,line_perpendicular_3
Class3,P1,Class3_example_0211,3.0,0.03971771486146619,3.000262904625829,3.000262904625829,1,26,[23],300,261,line_perpendicular_3
Class3,P1,Class3_example_0212,1.0,0.01267911188716242,1.000080376708916,1.000080376708916,1,23,[22],300,261,line_perpendicular_3
Class3,P1,Class3_example_0213,,,,,0,20,[],300,261,line_perpendicular_3
Class3,P1,Class3_example_0214,1.0,0.019190249022935923,1.0001841158794527,1.0001841158794527,1,22,[21],300,261,line_perpendicular_3
Class3,P1,Class3_example_0215,3.0,0.03793500783007664,3.0002398345497427,3.0002398345497427,1,21,[18],300,261,line_perpendicular_3
Class3,P1,Class3_example_0216,,,,,0,20,[],300,261,line_perpendicular_3
Class3,P1,Class3_example_0217,3.0,0.04859678295154729,3.0003935820677325,3.0003935820677325,1,23,[20],300,261,line_perpendicular_3
Class3,P1,Class3_example_0218,2.0,0.028182714933241648,2.000198556499081,2.000198556499081,1,25,[23],300,261,line_perpendicular_3
Class3,P1,Class3_example_0219,2.0,0.02837502321122798,2.0002012753576173,2.0002012753576173,1,24,[22],300,261,line_perpendicular_3
Class3,P1,Class3_example_0220,,,,,0,17,[],300,261,line_perpendicular_3
Class3,P1,Class3_example_0221,1.0,0.019456101292343986,1.0001892520305835,1.0001892520305835,1,26,[25],300,261,line_perpendicular_3
Class3,P1,Class3_example_0222,1.0,0.01998118167845475,1.0001996038897774,1.0001996038897774,1,25,[26],300,261,line_perpendicular_3
Class3,P1,Class3_example_0223,1.0,0.017934458624035532,1.0001608094732253,1.0001608094732253,1,26,[25],300,261,line_perpendicular_3
Class3,P1,Class3_example_0224,3.0,0.05003821725927721,3.0004172748446987,3.0004172748446987,1,23,[20],300,261,line_perpendicular_3
Class3,P1,Class3_example_0225,1.0,0.019640509275144213,1.0001928562055356,1.0001928562055356,1,27,[26],300,261,line_perpendicular_3
Class3,P1,Class3_example_0226,0.0,0.0,0.0,0.0,1,24,[24],300,261,line_perpendicular_3
Class3,P1,Class3_example_0227,1.0,0.01744384094695428,1.0001521322213849,1.0001521322213849,1,23,[22],300,261,line_perpendicular_3
Class3,P1,Class3_example_0228,0.0,0.0,0.0,0.0,1,25,[25],300,261,line_perpendicular_3
Class3,P1,Class3_example_0229,2.0,0.039947550996055625,2.0003989119249646,2.0003989119249646,1,27,[25],300,261,line_perpendicular_3
Class3,P1,Class3_example_0230,0.0,0.0,0.0,0.0,1,23,[23],300,261,line_perpendicular_3
Class3,P1,Class3_example_0231,2.0,0.03454930661613009,2.0002983913875587,2.0002983913875587,1,28,[26],300,261,line_perpendicular_3
Class3,P1,Class3_example_0232,1.0,0.017841154712864737,1.000159140737857,1.000159140737857,1,30,[29],300,261,line_perpendicular_3
Class3,P1,Class3_example_0233,1.0,0.023743171836592913,1.0002818293905282,1.0002818293905282,1,29,[30],300,261,line_perpendicular_3
Class3,P1,Class3_example_0234,1.0,0.017825408862479963,1.0001588599823104,1.0001588599823104,1,25,[24],300,261,line_perpendicular_3
Class3,P1,Class3_example_0235,1.0,0.01875949674420263,1.0001759438809232,1.0001759438809232,1,23,[22],300,261,line_perpendicular_3
Class3,P1,Class3_example_0236,1.0,0.012823600666727109,1.0000822189870489,1.0000822189870489,1,24,[23],300,261,line_perpendicular_3
Class3,P1,Class3_example_0237,,,,,0,26,[],300,261,line_perpendicular_3
Class3,P1,Class3_example_0238,,,,,0,26,[],300,261,line_perpendicular_3
Class3,P1,Class3_example_0239,,,,,0,26,[],300,261,line_perpendicular_3
Class3,P1,Class3_example_0240,8.0,0.1830902299038858,8.00209485274239,8.00209485274239,1,18,[26],300,261,line_perpendicular_3
Class3,P1,Class3_example_0241,1.0,0.020498636197163633,1.0002100749772238,1.0002100749772238,1,22,[23],300,261,line_perpendicular_3
Class3,P1,Class3_example_0242,2.0,0.046177960733994605,2.0005330299841466,2.0005330299841466,1,21,[23],300,261,line_perpendicular_3
Class3,P1,Class3_example_0243,,,,,0,19,[],300,261,line_perpendicular_3
Class3,P1,Class3_example_0244,2.0,0.04534953015149629,2.0005140789019613,2.0005140789019613,1,19,[21],300,261,line_perpendicular_3
Class3,P1,Class3_example_0245,,,,,0,19,[],300,261,line_perpendicular_3
Class3,P1,Class3_example_0246,1.0,0.02082701038340784,1.0002168586669147,1.0002168586669147,1,18,[19],300,261,line_perpendicular_3
Class3,P1,Class3_example_0247,2.0,0.04135973224162259,2.000427611149951,2.000427611149951,1,29,[27],300,261,line_perpendicular_3
Class3,P1,Class3_example_0248,0.0,0.0,0.0,0.0,1,21,[21],300,261,line_perpendicular_3
Class3,P1,Class3_example_0249,2.0,0.034918546942543593,2.0003048030039268,2.0003048030039268,1,33,[31],300,261,line_perpendicular_3
Class3,P1,Class3_example_0250,1.0,0.020340511218584045,1.0002068468055163,1.0002068468055163,1,30,[29],300,261,line_perpendicular_3
Class3,P1,Class3_example_0251,2.0,0.043164510376236254,2.000465739510682,2.000465739510682,1,28,[26],300,261,line_perpendicular_3
Class3,P1,Class3_example_0252,1.0,0.014152136467825094,1.0001001364696456,1.0001001364696456,1,32,[33],300,261,line_perpendicular_3
Class3,P1,Class3_example_0253,1.0,0.021442533772435157,1.000229864708399,1.000229864708399,1,26,[27],300,261,line_perpendicular_3
Class3,P1,Class3_example_0254,1.0,0.01877483561574228,1.0001762316973934,1.0001762316973934,1,29,[30],300,261,line_perpendicular_3
Class3,P1,Class3_example_0255,1.0,0.018823573547363137,1.0001771477698804,1.0001771477698804,1,26,[27],300,261,line_perpendicular_3
Class3,P1,Class3_example_0256,1.0,0.021003918310413372,1.0002205579692864,1.0002205579692864,1,21,[20],300,261,line_perpendicular_3
Class3,P1,Class3_example_0257,,,,,0,24,[],300,261,line_perpendicular_3
Class3,P1,Class3_example_0258,,,,,0,26,[],300,261,line_perpendicular_3
Class3,P1,Class3_example_0259,0.0,0.0,0.0,0.0,1,20,[20],300,261,line_perpendicular_3
Class3,P1,Class3_example_0260,3.0,0.07107491935547194,3.0008418225826876,3.0008418225826876,1,18,[21],300,261,line_perpendicular_3
Class3,P1,Class3_example_0261,1.0,0.01624347147588312,1.0001319164818148,1.0001319164818148,1,32,[31],300,261,line_perpendicular_3
Class3,P1,Class3_example_0262,1.0,0.013611657814845024,1.0000926343236753,1.0000926343236753,1,24,[23],300,261,line_perpendicular_3
Class3,P1,Class3_example_0263,2.0,0.03283920576909133,2.0002695851898427,2.0002695851898427,1,26,[24],300,261,line_perpendicular_3
Class3,P1,Class3_example_0264,0.0,0.0,0.0,0.0,1,24,[24],300,261,line_perpendicular_3
Class3,P1,Class3_example_0265,1.0,0.022381821405753843,1.000250441604221,1.000250441604221,1,26,[25],300,261,line_perpendicular_3
Class3,P1,Class3_example_0266,0.0,0.0,0.0,0.0,1,26,[26],300,261,line_perpendicular_3
Class3,P1,Class3_example_0267,0.0,0.0,0.0,0.0,1,24,[24],300,261,line_perpendicular_3
Class3,P1,Class3_example_0268,1.0,0.019115406660072554,1.0001826826994056,1.0001826826994056,1,20,[21],300,261,line_perpendicular_3
Class3,P1,Class3_example_0269,2.0,0.04474899675444416,2.0005005555386703,2.0005005555386703,1,20,[22],300,261,line_perpendicular_3
Class3,P1,Class3_example_0270,3.0,0.05135082087463111,3.000439452281032,3.000439452281032,1,20,[17],300,261,line_perpendicular_3
Class3,P1,Class3_example_0271,0.0,0.0,0.0,0.0,1,26,[26],300,261,line_perpendicular_3
Class3,P1,Class3_example_0272,3.0,0.05904515316517056,3.00058099875879,3.00058099875879,1,26,[23],300,261,line_perpendicular_3
Class3,P1,Class3_example_0273,2.0,0.037320644298202865,2.000348177315847,2.000348177315847,1,28,[26],300,261,line_perpendicular_3
Class3,P1,Class3_example_0274,2.0,0.03819061260138018,2.000364597489885,2.000364597489885,1,21,[19],300,261,line_perpendicular_3
Class3,P1,Class3_example_0275,,,,,0,19,[],300,261,line_perpendicular_3
Class3,P1,Class3_example_0276,1.0,0.017987661822019052,1.0001617649049694,1.0001617649049694,1,31,[30],300,261,line_perpendicular_3
Class3,P1,Class3_example_0277,2.0,0.032899214311578384,2.000270571273376,2.000270571273376,1,32,[30],300,261,line_perpendicular_3
Class3,P1,Class3_example_0278,3.0,0.044415211773923324,3.0003287671581798,3.0003287671581798,1,32,[29],300,261,line_perpendicular_3
Class3,P1,Class3_example_0279,3.0,0.04442117039005389,3.000328855372161,3.000328855372161,1,30,[27],300,261,line_perpendicular_3
Class3,P1,Class3_example_0280,4.0,0.062035367125513774,4.000481019424339,4.000481019424339,1,27,[23],300,261,line_perpendicular_3
Class3,P1,Class3_example_0281,3.0,0.04639652052507898,3.0003587514023775,3.0003587514023775,1,24,[21],300,261,line_perpendicular_3
Class3,P1,Class3_example_0282,3.0,0.046677563385421006,3.0003631105123927,3.0003631105123927,1,26,[23],300,261,line_perpendicular_3
Class3,P1,Class3_example_0283,3.0,0.04832181901022403,3.00038914112694,3.00038914112694,1,24,[21],300,261,line_perpendicular_3
Class3,P1,Class3_example_0284,1.0,0.016783929499393224,1.0001408402267356,1.0001408402267356,1,24,[23],300,261,line_perpendicular_3
Class3,P1,Class3_example_0285,3.0,0.03396147074899447,3.000192224090889,3.000192224090889,1,30,[27],300,261,line_perpendicular_3
Class3,P1,Class3_example_0286,2.0,0.03231166757732651,2.000260993935948,2.000260993935948,1,27,[25],300,261,line_perpendicular_3
Class3,P1,Class3_example_0287,3.0,0.04197956722737084,3.000293699634187,3.000293699634187,1,27,[24],300,261,line_perpendicular_3
Class3,P1,Class3_example_0288,2.0,0.025861074758993907,2.0001671918086474,2.0001671918086474,1,30,[28],300,261,line_perpendicular_3
Class3,P1,Class3_example_0289,2.0,0.024137076414330716,2.0001456443113916,2.0001456443113916,1,24,[22],300,261,line_perpendicular_3
Class3,P1,Class3_example_0290,3.0,0.03148192476998635,3.0001651807170924,3.0001651807170924,1,32,[29],300,261,line_perpendicular_3
Class3,P1,Class3_example_0291,2.0,0.02660268376528807,2.000176917870896,2.000176917870896,1,28,[26],300,261,line_perpendicular_3
Class3,P1,Class3_example_0292,4.0,0.05072140037564293,4.00032156963113,4.00032156963113,1,28,[24],300,261,line_perpendicular_3
Class3,P1,Class3_example_0293,3.0,0.042729558624021724,3.000304287098261,3.000304287098261,1,26,[23],300,261,line_perpendicular_3
Class3,P1,Class3_example_0294,,,,,0,21,[],300,261,line_perpendicular_3
Class3,P1,Class3_example_0295,3.0,0.04581615309154208,3.0003498329168394,3.0003498329168394,1,20,[17],300,261,line_perpendicular_3
Class3,P1,Class3_example_0296,2.0,0.025198779935050486,2.0001587383280897,2.0001587383280897,1,22,[20],300,261,line_perpendicular_3
Class3,P1,Class3_example_0297,2.0,0.0258577991590222,2.0001671494596014,2.0001671494596014,1,27,[25],300,261,line_perpendicular_3
Class3,P1,Class3_example_0298,1.0,0.014394575624952943,1.00010359653759,1.00010359653759,1,22,[21],300,261,line_perpendicular_3
Class3,P1,Class3_example_0299,0.0,0.0,0.0,0.0,1,22,[22],300,261,line_perpendicular_3
Class3,P1,Class3_example_0300,,,,,0,20,[],300,261,line_perpendicular_3
Class4,P1,Class4_example_0001,,,,,0,,[],100,0,line_perpendicular_3
Class4,P1,Class4_example_0002,,,,,0,,[],100,0,line_perpendicular_3
Class4,P1,Class4_example_0003,,,,,0,,[],100,0,line_perpendicular_3
Class4,P1,Class4_example_0004,,,,,0,,[],100,0,line_perpendicular_3
Class4,P1,Class4_example_0005,,,,,0,,[],100,0,line_perpendicular_3
Class4,P1,Class4_example_0006,,,,,0,,[],100,0,line_perpendicular_3
Class4,P1,Class4_example_0007,,,,,0,,[],100,0,line_perpendicular_3
Class4,P1,Class4_example_0008,,,,,0,,[],100,0,line_perpendicular_3
Class4,P1,Class4_example_0009,,,,,0,,[],100,0,line_perpendicular_3
Class4,P1,Class4_example_0010,,,,,0,,[],100,0,line_perpendicular_3
Class4,P1,Class4_example_0011,,,,,0,,[],100,0,line_perpendicular_3
Class4,P1,Class4_example_0012,,,,,0,,[],100,0,line_perpendicular_3
Class4,P1,Class4_example_0013,,,,,0,,[],100,0,line_perpendicular_3
Class4,P1,Class4_example_0014,,,,,0,,[],100,0,line_perpendicular_3
Class4,P1,Class4_example_0015,,,,,0,,[],100,0,line_perpendicular_3
Class4,P1,Class4_example_0016,,,,,0,,[],100,0,line_perpendicular_3
Class4,P1,Class4_example_0017,,,,,0,,[],100,0,line_perpendicular_3
Class4,P1,Class4_example_0018,,,,,0,,[],100,0,line_perpendicular_3
Class4,P1,Class4_example_0019,,,,,0,,[],100,0,line_perpendicular_3
Class4,P1,Class4_example_0020,,,,,0,,[],100,0,line_perpendicular_3
Class4,P1,Class4_example_0021,,,,,0,,[],100,0,line_perpendicular_3
Class4,P1,Class4_example_0022,,,,,0,,[],100,0,line_perpendicular_3
Class4,P1,Class4_example_0023,,,,,0,,[],100,0,line_perpendicular_3
Class4,P1,Class4_example_0024,,,,,0,,[],100,0,line_perpendicular_3
Class4,P1,Class4_example_0025,,,,,0,,[],100,0,line_perpendicular_3
Class4,P1,Class4_example_0026,,,,,0,,[],100,0,line_perpendicular_3
Class4,P1,Class4_example_0027,,,,,0,,[],100,0,line_perpendicular_3
Class4,P1,Class4_example_0028,,,,,0,,[],100,0,line_perpendicular_3
Class4,P1,Class4_example_0029,,,,,0,,[],100,0,line_perpendicular_3
Class4,P1,Class4_example_0030,,,,,0,,[],100,0,line_perpendicular_3
Class4,P1,Class4_example_0031,,,,,0,,[],100,0,line_perpendicular_3
Class4,P1,Class4_example_0032,,,,,0,,[],100,0,line_perpendicular_3
Class4,P1,Class4_example_0033,,,,,0,,[],100,0,line_perpendicular_3
Class4,P1,Class4_example_0034,,,,,0,,[],100,0,line_perpendicular_3
Class4,P1,Class4_example_0035,,,,,0,,[],100,0,line_perpendicular_3
Class4,P1,Class4_example_0036,,,,,0,,[],100,0,line_perpendicular_3
Class4,P1,Class4_example_0037,,,,,0,,[],100,0,line_perpendicular_3
Class4,P1,Class4_example_0038,,,,,0,,[],100,0,line_perpendicular_3
Class4,P1,Class4_example_0039,,,,,0,,[],100,0,line_perpendicular_3
Class4,P1,Class4_example_0040,,,,,0,,[],100,0,line_perpendicular_3
Class4,P1,Class4_example_0041,,,,,0,,[],100,0,line_perpendicular_3
Class4,P1,Class4_example_0042,,,,,0,,[],100,0,line_perpendicular_3
Class4,P1,Class4_example_0043,,,,,0,,[],100,0,line_perpendicular_3
Class4,P1,Class4_example_0044,,,,,0,,[],100,0,line_perpendicular_3
Class4,P1,Class4_example_0045,,,,,0,,[],100,0,line_perpendicular_3
Class4,P1,Class4_example_0046,,,,,0,,[],100,0,line_perpendicular_3
Class4,P1,Class4_example_0047,,,,,0,,[],100,0,line_perpendicular_3
Class4,P1,Class4_example_0048,,,,,0,,[],100,0,line_perpendicular_3
Class4,P1,Class4_example_0049,,,,,0,,[],100,0,line_perpendicular_3
Class4,P1,Class4_example_0050,,,,,0,,[],100,0,line_perpendicular_3
Class4,P1,Class4_example_0051,,,,,0,,[],100,0,line_perpendicular_3
Class4,P1,Class4_example_0052,,,,,0,,[],100,0,line_perpendicular_3
Class4,P1,Class4_example_0053,,,,,0,,[],100,0,line_perpendicular_3
Class4,P1,Class4_example_0054,,,,,0,,[],100,0,line_perpendicular_3
Class4,P1,Class4_example_0055,,,,,0,,[],100,0,line_perpendicular_3
Class4,P1,Class4_example_0056,,,,,0,,[],100,0,line_perpendicular_3
Class4,P1,Class4_example_0057,,,,,0,,[],100,0,line_perpendicular_3
Class4,P1,Class4_example_0058,,,,,0,,[],100,0,line_perpendicular_3
Class4,P1,Class4_example_0059,,,,,0,,[],100,0,line_perpendicular_3
Class4,P1,Class4_example_0060,,,,,0,,[],100,0,line_perpendicular_3
Class4,P1,Class4_example_0061,,,,,0,,[],100,0,line_perpendicular_3
Class4,P1,Class4_example_0062,,,,,0,,[],100,0,line_perpendicular_3
Class4,P1,Class4_example_0063,,,,,0,,[],100,0,line_perpendicular_3
Class4,P1,Class4_example_0064,,,,,0,,[],100,0,line_perpendicular_3
Class4,P1,Class4_example_0065,,,,,0,,[],100,0,line_perpendicular_3
Class4,P1,Class4_example_0066,,,,,0,,[],100,0,line_perpendicular_3
Class4,P1,Class4_example_0067,,,,,0,,[],100,0,line_perpendicular_3
Class4,P1,Class4_example_0068,,,,,0,,[],100,0,line_perpendicular_3
Class4,P1,Class4_example_0069,,,,,0,,[],100,0,line_perpendicular_3
Class4,P1,Class4_example_0070,,,,,0,,[],100,0,line_perpendicular_3
Class4,P1,Class4_example_0071,,,,,0,,[],100,0,line_perpendicular_3
Class4,P1,Class4_example_0072,,,,,0,,[],100,0,line_perpendicular_3
Class4,P1,Class4_example_0073,,,,,0,,[],100,0,line_perpendicular_3
Class4,P1,Class4_example_0074,,,,,0,,[],100,0,line_perpendicular_3
Class4,P1,Class4_example_0075,,,,,0,,[],100,0,line_perpendicular_3
Class4,P1,Class4_example_0076,,,,,0,,[],100,0,line_perpendicular_3
Class4,P1,Class4_example_0077,,,,,0,,[],100,0,line_perpendicular_3
Class4,P1,Class4_example_0078,,,,,0,,[],100,0,line_perpendicular_3
Class4,P1,Class4_example_0079,,,,,0,,[],100,0,line_perpendicular_3
Class4,P1,Class4_example_0080,,,,,0,,[],100,0,line_perpendicular_3
Class4,P1,Class4_example_0081,,,,,0,,[],100,0,line_perpendicular_3
Class4,P1,Class4_example_0082,,,,,0,,[],100,0,line_perpendicular_3
Class4,P1,Class4_example_0083,,,,,0,,[],100,0,line_perpendicular_3
Class4,P1,Class4_example_0084,,,,,0,,[],100,0,line_perpendicular_3
Class4,P1,Class4_example_0085,,,,,0,,[],100,0,line_perpendicular_3
Class4,P1,Class4_example_0086,,,,,0,,[],100,0,line_perpendicular_3
Class4,P1,Class4_example_0087,,,,,0,,[],100,0,line_perpendicular_3
Class4,P1,Class4_example_0088,,,,,0,,[],100,0,line_perpendicular_3
Class4,P1,Class4_example_0089,,,,,0,,[],100,0,line_perpendicular_3
Class4,P1,Class4_example_0090,,,,,0,,[],100,0,line_perpendicular_3
Class4,P1,Class4_example_0091,,,,,0,,[],100,0,line_perpendicular_3
Class4,P1,Class4_example_0092,,,,,0,,[],100,0,line_perpendicular_3
Class4,P1,Class4_example_0093,,,,,0,,[],100,0,line_perpendicular_3
Class4,P1,Class4_example_0094,,,,,0,,[],100,0,line_perpendicular_3
Class4,P1,Class4_example_0095,,,,,0,,[],100,0,line_perpendicular_3
Class4,P1,Class4_example_0096,,,,,0,,[],100,0,line_perpendicular_3
Class4,P1,Class4_example_0097,,,,,0,,[],100,0,line_perpendicular_3
Class4,P1,Class4_example_0098,,,,,0,,[],100,0,line_perpendicular_3
Class4,P1,Class4_example_0099,,,,,0,,[],100,0,line_perpendicular_3
Class4,P1,Class4_example_0100,,,,,0,,[],100,0,line_perpendicular_3
Class1,P2,Class1_example_0001,3.0,0.03162427574945259,3.0001666778391956,3.0001666778391956,1,53,[56],300,231,line_perpendicular_3
Class1,P2,Class1_example_0002,2.0,0.027254104034078463,2.0001856879266735,2.0001856879266735,1,58,[60],300,231,line_perpendicular_3
Class1,P2,Class1_example_0003,1.0,0.015177059935742476,1.0001151649426645,1.0001151649426645,1,58,[59],300,231,line_perpendicular_3
Class1,P2,Class1_example_0004,,,,,0,69,[],300,231,line_perpendicular_3
Class1,P2,Class1_example_0005,1.0,0.0011832584163874449,1.0000007000499949,1.0000007000499949,1,72,[73],300,231,line_perpendicular_3
Class1,P2,Class1_example_0006,29.0,0.006341307608147773,29.000000693313478,29.000000693313478,1,51,[80],300,231,line_perpendicular_3
Class1,P2,Class1_example_0007,3.0,0.03655613267524571,3.0002227168722277,3.0002227168722277,1,55,[58],300,231,line_perpendicular_3
Class1,P2,Class1_example_0008,,,,,0,52,[],300,231,line_perpendicular_3
Class1,P2,Class1_example_0009,1.0,0.008030216642206378,1.0000322416698977,1.0000322416698977,1,81,[82],300,231,line_perpendicular_3
Class1,P2,Class1_example_0010,1.0,0.01238475751076984,1.0000766881687626,1.0000766881687626,1,61,[60],300,231,line_perpendicular_3
Class1,P2,Class1_example_0011,1.0,0.011276265432978883,1.0000635750601634,1.0000635750601634,1,61,[62],300,231,line_perpendicular_3
Class1,P2,Class1_example_0012,4.0,0.04119802816857915,4.000212154064454,4.000212154064454,1,70,[66],300,231,line_perpendicular_3
Class1,P2,Class1_example_0013,,,,,0,70,[],300,231,line_perpendicular_3
Class1,P2,Class1_example_0014,,,,,0,66,[],300,231,line_perpendicular_3
Class1,P2,Class1_example_0015,,,,,0,61,[],300,231,line_perpendicular_3
Class1,P2,Class1_example_0016,,,,,0,65,[],300,231,line_perpendicular_3
Class1,P2,Class1_example_0017,5.0,0.036441547334769786,5.000132796873714,5.000132796873714,1,58,[63],300,231,line_perpendicular_3
Class1,P2,Class1_example_0018,3.0,0.03362787925940325,3.0001884664573133,3.0001884664573133,1,55,[58],300,231,line_perpendicular_3
Class1,P2,Class1_example_0019,,,,,0,49,[],300,231,line_perpendicular_3
Class1,P2,Class1_example_0020,35.0,0.07123214867554828,35.00007248591073,35.00007248591073,1,40,[75],300,231,line_perpendicular_3
Class1,P2,Class1_example_0021,38.0,0.11255581756488597,38.00016669453001,38.00016669453001,1,40,[78],300,231,line_perpendicular_3
Class1,P2,Class1_example_0022,38.0,0.055030417992312786,38.0000398466489,38.0000398466489,1,41,[79],300,231,line_perpendicular_3
Class1,P2,Class1_example_0023,7.0,0.08329865880863285,7.000495601495605,7.000495601495605,1,57,[64],300,231,line_perpendicular_3
Class1,P2,Class1_example_0024,6.0,0.06328914894626314,6.000333783746896,6.000333783746896,1,76,[82],300,231,line_perpendicular_3
Class1,P2,Class1_example_0025,,,,,0,63,[],300,231,line_perpendicular_3
Class1,P2,Class1_example_0026,5.0,0.06568041501186417,5.000431373083339,5.000431373083339,1,64,[69],300,231,line_perpendicular_3
Class1,P2,Class1_example_0027,,,,,0,51,[],300,231,line_perpendicular_3
Class1,P2,Class1_example_0028,,,,,0,55,[],300,231,line_perpendicular_3
Class1,P2,Class1_example_0029,2.0,0.00019751693606229193,2.000000009753235,2.000000009753235,1,83,[81],300,231,line_perpendicular_3
Class1,P2,Class1_example_0030,0.0,0.0,0.0,0.0,1,51,[51],300,231,line_perpendicular_3
Class1,P2,Class1_example_0031,2.0,0.0005321700129403695,2.0000000708012293,2.0000000708012293,1,72,[70],300,231,line_perpendicular_3
Class1,P2,Class1_example_0032,2.0,0.006854281624556813,2.0000117452596595,2.0000117452596595,1,53,[55],300,231,line_perpendicular_3
Class1,P2,Class1_example_0033,2.0,0.0014881363135158532,2.0000005536373453,2.0000005536373453,1,57,[59],300,231,line_perpendicular_3
Class1,P2,Class1_example_0034,2.0,0.015931612016796493,2.000063453058791,2.000063453058791,1,66,[68],300,231,line_perpendicular_3
Class1,P2,Class1_example_0035,1.0,0.0057729705995444025,1.0000166634559362,1.0000166634559362,1,60,[61],300,231,line_perpendicular_3
Class1,P2,Class1_example_0036,4.0,0.01594828222267297,4.00003179333688,4.00003179333688,1,71,[75],300,231,line_perpendicular_3
Class1,P2,Class1_example_0037,0.0,0.0,0.0,0.0,1,74,[74],300,231,line_perpendicular_3
Class1,P2,Class1_example_0038,22.0,0.036717060949622016,22.00003063958241,22.00003063958241,1,60,[82],300,231,line_perpendicular_3
Class1,P2,Class1_example_0039,29.0,0.12434317505415027,29.000266571622795,29.000266571622795,1,43,[72],300,231,line_perpendicular_3
Class1,P2,Class1_example_0040,1.0,0.009164988227363002,1.0000419976227037,1.0000419976227037,1,62,[63],300,231,line_perpendicular_3
Class1,P2,Class1_example_0041,4.0,0.028128269250196625,4.000098898718757,4.000098898718757,1,63,[67],300,231,line_perpendicular_3
Class1,P2,Class1_example_0042,3.0,0.012879416943510469,3.00002764643608,3.00002764643608,1,63,[66],300,231,line_perpendicular_3
Class1,P2,Class1_example_0043,3.0,0.006496680309446279,3.0000070344675933,3.0000070344675933,1,61,[64],300,231,line_perpendicular_3
Class1,P2,Class1_example_0044,,,,,0,59,[],300,231,line_perpendicular_3
Class1,P2,Class1_example_0045,1.0,0.0026782431712027988,1.0000035864868106,1.0000035864868106,1,79,[80],300,231,line_perpendicular_3
Class1,P2,Class1_example_0046,0.0,0.0,0.0,0.0,1,65,[65],300,231,line_perpendicular_3
Class1,P2,Class1_example_0047,,,,,0,68,[],300,231,line_perpendicular_3
Class1,P2,Class1_example_0048,33.0,0.11215845891440768,33.00019059823604,33.00019059823604,1,49,[82],300,231,line_perpendicular_3
Class1,P2,Class1_example_0049,1.0,0.005523565412185127,1.0000152547710774,1.0000152547710774,1,71,[72],300,231,line_perpendicular_3
Class1,P2,Class1_example_0050,,,,,0,91,[],300,231,line_perpendicular_3
Class1,P2,Class1_example_0051,1.0,0.0010990206436887195,1.0000006039230054,1.0000006039230054,1,66,[65],300,231,line_perpendicular_3
Class1,P2,Class1_example_0052,1.0,0.002959195689953953,1.0000043784099804,1.0000043784099804,1,63,[64],300,231,line_perpendicular_3
Class1,P2,Class1_example_0053,2.0,0.026707726656018504,2.000178317716481,2.000178317716481,1,52,[54],300,231,line_perpendicular_3
Class1,P2,Class1_example_0054,2.0,0.003863653072164519,2.000003731950284,2.000003731950284,1,67,[69],300,231,line_perpendicular_3
Class1,P2,Class1_example_0055,,,,,0,64,[],300,231,line_perpendicular_3
Class1,P2,Class1_example_0056,3.0,0.0004174163177440571,3.0000000290393967,3.0000000290393967,1,57,[60],300,231,line_perpendicular_3
Class1,P2,Class1_example_0057,2.0,0.022731415489829265,2.0001291751409886,2.0001291751409886,1,58,[60],300,231,line_perpendicular_3
Class1,P2,Class1_example_0058,1.0,0.017662537531950573,1.0001559704526428,1.0001559704526428,1,51,[50],300,231,line_perpendicular_3
Class1,P2,Class1_example_0059,0.0,0.0,0.0,0.0,1,54,[54],300,231,line_perpendicular_3
Class1,P2,Class1_example_0060,,,,,0,54,[],300,231,line_perpendicular_3
Class1,P2,Class1_example_0061,37.0,0.100849355385768,37.00013744018367,37.00013744018367,1,46,[83],300,231,line_perpendicular_3
Class1,P2,Class1_example_0062,,,,,0,47,[],300,231,line_perpendicular_3
Class1,P2,Class1_example_0063,30.0,0.05134681594689361,30.000043941559618,30.000043941559618,1,49,[79],300,231,line_perpendicular_3
Class1,P2,Class1_example_0064,1.0,0.008351432081740162,1.0000348726008588,1.0000348726008588,1,61,[62],300,231,line_perpendicular_3
Class1,P2,Class1_example_0065,,,,,0,49,[],300,231,line_perpendicular_3
Class1,P2,Class1_example_0066,,,,,0,63,[],300,231,line_perpendicular_3
Class1,P2,Class1_example_0067,1.0,0.0048135249410165,1.0000115849440734,1.0000115849440734,1,55,[56],300,231,line_perpendicular_3
Class1,P2,Class1_example_0068,26.0,0.18099010891328537,26.000629942744165,26.000629942744165,1,87,[61],300,231,line_perpendicular_3
Class1,P2,Class1_example_0069,0.0,0.0,0.0,0.0,1,63,[63],300,231,line_perpendicular_3
Class1,P2,Class1_example_0070,1.0,0.006384448473616522,1.0000203803834762,1.0000203803834762,1,75,[76],300,231,line_perpendicular_3
Class1,P2,Class1_example_0071,1.0,0.005911509096085732,1.0000174728172468,1.0000174728172468,1,69,[70],300,231,line_perpendicular_3
Class1,P2,Class1_example_0072,2.0,0.014461326050512091,2.000052281804438,2.000052281804438,1,78,[80],300,231,line_perpendicular_3
Class1,P2,Class1_example_0073,18.5,0.06957528514901393,18.500148837694454,2.000092116299764,2,45,"[47, 80]",300,231,line_perpendicular_3
Class1,P2,Class1_example_0074,1.0,0.004943880892441466,1.0000122209044642,1.0000122209044642,1,56,[57],300,231,line_perpendicular_3
Class1,P2,Class1_example_0075,4.0,0.04084176668564754,4.0002085008041774,4.0002085008041774,1,56,[60],300,231,line_perpendicular_3
Class1,P2,Class1_example_0076,2.0,0.005911031182823545,2.0000087350533358,2.0000087350533358,1,63,[65],300,231,line_perpendicular_3
Class1,P2,Class1_example_0077,1.0,0.009994405263292538,1.000049942821141,1.000049942821141,1,66,[67],300,231,line_perpendicular_3
Class1,P2,Class1_example_0078,3.0,0.012424242469682545,3.0000257268565123,3.0000257268565123,1,67,[70],300,231,line_perpendicular_3
Class1,P2,Class1_example_0079,1.0,0.009294904890934985,1.0000431966954886,1.0000431966954886,1,54,[55],300,231,line_perpendicular_3
Class1,P2,Class1_example_0080,2.0,0.02347382978043,2.000137750427345,2.000137750427345,1,55,[53],300,231,line_perpendicular_3
Class1,P2,Class1_example_0081,36.0,0.09791060122213924,36.000133145390336,36.000133145390336,1,47,[83],300,231,line_perpendicular_3
Class1,P2,Class1_example_0082,1.0,0.0031915135634584813,1.0000050928664441,1.0000050928664441,1,64,[65],300,231,line_perpendicular_3
Class1,P2,Class1_example_0083,0.0,0.0,0.0,0.0,1,58,[58],300,231,line_perpendicular_3
Class1,P2,Class1_example_0084,2.0,0.015282835525796568,2.000058390413067,2.000058390413067,1,59,[61],300,231,line_perpendicular_3
Class1,P2,Class1_example_0085,1.0,0.008343426430569179,1.00003480577658,1.00003480577658,1,55,[54],300,231,line_perpendicular_3
Class1,P2,Class1_example_0086,,,,,0,50,[],300,231,line_perpendicular_3
Class1,P2,Class1_example_0087,,,,,0,86,[],300,231,line_perpendicular_3
Class1,P2,Class1_example_0088,18.0,0.16568973904745976,18.00087501365706,6.000005077298103,2,68,"[38, 74]",300,231,line_perpendicular_3
Class1,P2,Class1_example_0089,3.0,0.020149114203432128,3.0000676637041344,3.0000676637041344,1,77,[80],300,231,line_perpendicular_3
Class1,P2,Class1_example_0090,,,,,0,56,[],300,231,line_perpendicular_3
Class1,P2,Class1_example_0091,0.0,0.0,0.0,0.0,1,70,[70],300,231,line_perpendicular_3
Class1,P2,Class1_example_0092,1.0,0.014020141826562638,1.0000982773591989,1.0000982773591989,1,59,[60],300,231,line_perpendicular_3
Class1,P2,Class1_example_0093,1.0,0.015176714148284476,1.0001151596952917,1.0001151596952917,1,56,[57],300,231,line_perpendicular_3
Class1,P2,Class1_example_0094,,,,,0,44,[],300,231,line_perpendicular_3
Class1,P2,Class1_example_0095,,,,,0,51,[],300,231,line_perpendicular_3
Class1,P2,Class1_example_0096,,,,,0,104,[],300,231,line_perpendicular_3
Class1,P2,Class1_example_0097,,,,,0,94,[],300,231,line_perpendicular_3
Class1,P2,Class1_example_0098,,,,,0,92,[],300,231,line_perpendicular_3
Class1,P2,Class1_example_0099,2.0,0.004943947383194147,2.000006110644597,2.000006110644597,1,63,[65],300,231,line_perpendicular_3
Class1,P2,Class1_example_0100,,,,,0,58,[],300,231,line_perpendicular_3
Class1,P2,Class1_example_0101,1.0,0.011079103901642684,1.0000613713884081,1.0000613713884081,1,61,[62],300,231,line_perpendicular_3
Class1,P2,Class1_example_0102,2.0,0.001685674240103685,2.0000007103742847,2.0000007103742847,1,60,[62],300,231,line_perpendicular_3
Class1,P2,Class1_example_0103,3.0,0.014351032068321556,3.0000343251572015,3.0000343251572015,1,67,[70],300,231,line_perpendicular_3
Class1,P2,Class1_example_0104,,,,,0,63,[],300,231,line_perpendicular_3
Class1,P2,Class1_example_0105,2.0,0.014868930842535821,2.0000552705123926,2.0000552705123926,1,59,[61],300,231,line_perpendicular_3
Class1,P2,Class1_example_0106,,,,,0,70,[],300,231,line_perpendicular_3
Class1,P2,Class1_example_0107,1.0,0.002896377099821379,1.0000041944913554,1.0000041944913554,1,82,[81],300,231,line_perpendicular_3
Class1,P2,Class1_example_0108,0.0,0.0,0.0,0.0,1,75,[75],300,231,line_perpendicular_3
Class1,P2,Class1_example_0109,1.0,0.005783197735933054,1.0000167225482046,1.0000167225482046,1,71,[72],300,231,line_perpendicular_3
Class1,P2,Class1_example_0110,,,,,0,54,[],300,231,line_perpendicular_3
Class1,P2,Class1_example_0111,,,,,0,49,[],300,231,line_perpendicular_3
Class1,P2,Class1_example_0112,1.0,0.01029160699930165,1.0000529571850822,1.0000529571850822,1,67,[66],300,231,line_perpendicular_3
Class1,P2,Class1_example_0113,0.0,0.0,0.0,0.0,1,66,[66],300,231,line_perpendicular_3
Class1,P2,Class1_example_0114,0.0,0.0,0.0,0.0,1,63,[63],300,231,line_perpendicular_3
Class1,P2,Class1_example_0115,2.0,0.011239189666722438,2.000031579596773,2.000031579596773,1,63,[65],300,231,line_perpendicular_3
Class1,P2,Class1_example_0116,2.0,0.010153243262837064,2.0000257719211407,2.0000257719211407,1,62,[64],300,231,line_perpendicular_3
Class1,P2,Class1_example_0117,2.0,0.007849296153033314,2.000015402803213,2.000015402803213,1,68,[70],300,231,line_perpendicular_3
Class1,P2,Class1_example_0118,0.0,0.0,0.0,0.0,1,63,[63],300,231,line_perpendicular_3
Class1,P2,Class1_example_0119,2.0,0.011821751814163117,2.0000349381488203,2.0000349381488203,1,69,[71],300,231,line_perpendicular_3
Class1,P2,Class1_example_0120,28.0,0.11526116597854064,28.000237233573266,28.000237233573266,1,50,[78],300,231,line_perpendicular_3
Class1,P2,Class1_example_0121,,,,,0,55,[],300,231,line_perpendicular_3
Class1,P2,Class1_example_0122,30.0,0.09095603231387683,30.000137883013377,30.000137883013377,1,51,[81],300,231,line_perpendicular_3
Class1,P2,Class1_example_0123,22.0,0.2771117386935694,22.001745178865285,22.001745178865285,1,72,[50],300,231,line_perpendicular_3
Class1,P2,Class1_example_0124,26.0,0.07976778445309751,26.000122363162767,26.000122363162767,1,57,[83],300,231,line_perpendicular_3
Class1,P2,Class1_example_0125,,,,,0,61,[],300,231,line_perpendicular_3
Class1,P2,Class1_example_0126,,,,,0,55,[],300,231,line_perpendicular_3
Class1,P2,Class1_example_0127,3.0,0.019601829100603818,3.000064037933872,3.000064037933872,1,52,[55],300,231,line_perpendicular_3
Class1,P2,Class1_example_0128,3.0,0.025654660329183177,3.00010969159406,3.00010969159406,1,49,[52],300,231,line_perpendicular_3
Class1,P2,Class1_example_0129,,,,,0,44,[],300,231,line_perpendicular_3
Class1,P2,Class1_example_0130,17.5,0.0395701048258395,17.50004844243013,2.0000240546928527,2,51,"[53, 84]",300,231,line_perpendicular_3
Class1,P2,Class1_example_0131,,,,,0,50,[],300,231,line_perpendicular_3
Class1,P2,Class1_example_0132,24.0,0.006508220251289831,24.000000882436044,24.000000882436044,1,43,[67],300,231,line_perpendicular_3
Class1,P2,Class1_example_0133,0.0,0.0,0.0,0.0,1,67,[67],300,231,line_perpendicular_3
Class1,P2,Class1_example_0134,1.0,0.0029394799511014424,1.0000043202618591,1.0000043202618591,1,66,[67],300,231,line_perpendicular_3
Class1,P2,Class1_example_0135,26.0,0.11720353343120415,26.000264165355105,26.000264165355105,1,47,[73],300,231,line_perpendicular_3
Class1,P2,Class1_example_0136,31.0,0.061124180869545075,31.00006026067509,31.00006026067509,1,43,[74],300,231,line_perpendicular_3
Class1,P2,Class1_example_0137,2.0,0.016173396214882563,2.0000653936171995,2.0000653936171995,1,60,[62],300,231,line_perpendicular_3
Class1,P2,Class1_example_0138,0.0,0.0,0.0,0.0,1,69,[69],300,231,line_perpendicular_3
Class1,P2,Class1_example_0139,0.0,0.0,0.0,0.0,1,61,[61],300,231,line_perpendicular_3
Class1,P2,Class1_example_0140,,,,,0,54,[],300,231,line_perpendicular_3
Class1,P2,Class1_example_0141,,,,,0,53,[],300,231,line_perpendicular_3
Class1,P2,Class1_example_0142,5.0,0.057460504053881256,5.000330160052047,5.000330160052047,1,63,[68],300,231,line_perpendicular_3
Class1,P2,Class1_example_0143,,,,,0,87,[],300,231,line_perpendicular_3
Class1,P2,Class1_example_0144,27.0,0.040820170554911495,27.00003085713652,27.00003085713652,1,44,[71],300,231,line_perpendicular_3
Class1,P2,Class1_example_0145,15.5,0.0650500214060819,15.500136499569445,0.0,2,48,"[48, 79]",300,231,line_perpendicular_3
Class1,P2,Class1_example_0146,2.0,0.020800902039268654,2.000108166456416,2.000108166456416,1,72,[70],300,231,line_perpendicular_3
Class1,P2,Class1_example_0147,,,,,0,54,[],300,231,line_perpendicular_3
Class1,P2,Class1_example_0148,,,,,0,64,[],300,231,line_perpendicular_3
Class1,P2,Class1_example_0149,1.0,0.005498400761725031,1.00001511609122,1.00001511609122,1,74,[73],300,231,line_perpendicular_3
Class1,P2,Class1_example_0150,1.0,0.005967069479343168,1.0000178028006157,1.0000178028006157,1,71,[70],300,231,line_perpendicular_3
Class1,P2,Class1_example_0151,1.0,0.0008857297606972292,1.0000003922585277,1.0000003922585277,1,82,[83],300,231,line_perpendicular_3
Class1,P2,Class1_example_0152,1.0,0.01648743457376689,1.0001359085138501,1.0001359085138501,1,70,[71],300,231,line_perpendicular_3
Class1,P2,Class1_example_0153,,,,,0,60,[],300,231,line_perpendicular_3
Class1,P2,Class1_example_0154,3.0,0.013631741722380686,3.0000309705705352,3.0000309705705352,1,61,[64],300,231,line_perpendicular_3
Class1,P2,Class1_example_0155,21.0,0.07273784255086502,21.000125970901674,21.000125970901674,1,48,[69],300,231,line_perpendicular_3
Class1,P2,Class1_example_0156,,,,,0,67,[],300,231,line_perpendicular_3
Class1,P2,Class1_example_0157,4.0,0.08986533767437604,4.001009345017246,4.001009345017246,1,62,[58],300,231,line_perpendicular_3
Class1,P2,Class1_example_0158,2.0,0.002597734104217153,2.0000016870549073,2.0000016870549073,1,68,[70],300,231,line_perpendicular_3
Class1,P2,Class1_example_0159,,,,,0,64,[],300,231,line_perpendicular_3
Class1,P2,Class1_example_0160,2.0,0.0012391259546458144,2.000000383858246,2.000000383858246,1,72,[74],300,231,line_perpendicular_3
Class1,P2,Class1_example_0161,0.0,0.0,0.0,0.0,1,68,[68],300,231,line_perpendicular_3
Class1,P2,Class1_example_0162,0.0,0.0,0.0,0.0,1,58,[58],300,231,line_perpendicular_3
Class1,P2,Class1_example_0163,0.0,0.0,0.0,0.0,1,60,[60],300,231,line_perpendicular_3
Class1,P2,Class1_example_0164,2.0,0.02088048753392846,2.0001089957198968,2.0001089957198968,1,57,[59],300,231,line_perpendicular_3
Class1,P2,Class1_example_0165,1.0,0.009797810771548732,1.0000479973960825,1.0000479973960825,1,56,[57],300,231,line_perpendicular_3
Class1,P2,Class1_example_0166,1.0,0.011186872794779701,1.0000625711038917,1.0000625711038917,1,56,[57],300,231,line_perpendicular_3
Class1,P2,Class1_example_0167,2.0,0.022101354166519704,2.000122113736057,2.000122113736057,1,56,[58],300,231,line_perpendicular_3
Class1,P2,Class1_example_0168,1.0,0.014012935734261878,1.000098176364647,1.000098176364647,1,65,[66],300,231,line_perpendicular_3
Class1,P2,Class1_example_0169,2.0,0.015979105770513424,2.0000638319366772,2.0000638319366772,1,64,[66],300,231,line_perpendicular_3
Class1,P2,Class1_example_0170,1.0,0.00910889136673243,1.000041485090459,1.000041485090459,1,66,[67],300,231,line_perpendicular_3
Class1,P2,Class1_example_0171,2.0,0.015366120631496005,2.0000590285447233,2.0000590285447233,1,66,[68],300,231,line_perpendicular_3
Class1,P2,Class1_example_0172,,,,,0,58,[],300,231,line_perpendicular_3
Class1,P2,Class1_example_0173,,,,,0,61,[],300,231,line_perpendicular_3
Class1,P2,Class1_example_0174,38.0,0.06612060099909967,38.0000575254022,38.0000575254022,1,47,[85],300,231,line_perpendicular_3
Class1,P2,Class1_example_0175,38.0,0.24734802361279984,38.00080500522042,38.00080500522042,1,38,[76],300,231,line_perpendicular_3
Class1,P2,Class1_example_0176,36.0,0.11003676034178855,36.00016816750481,36.00016816750481,1,39,[75],300,231,line_perpendicular_3
Class1,P2,Class1_example_0177,30.0,0.09065980599304158,30.000136986360957,30.000136986360957,1,44,[74],300,231,line_perpendicular_3
Class1,P2,Class1_example_0178,,,,,0,52,[],300,231,line_perpendicular_3
Class1,P2,Class1_example_0179,4.0,0.05309304256799652,4.000352343377909,4.000352343377909,1,65,[69],300,231,line_perpendicular_3
Class1,P2,Class1_example_0180,7.0,0.09011636954452229,7.000580044543444,7.000580044543444,1,57,[64],300,231,line_perpendicular_3
Class1,P2,Class1_example_0181,,,,,0,52,[],300,231,line_perpendicular_3
Class1,P2,Class1_example_0182,4.0,0.06565940481272514,4.000538858384001,4.000538858384001,1,51,[55],300,231,line_perpendicular_3
Class1,P2,Class1_example_0183,6.0,0.06963830514925051,6.000404110853206,6.000404110853206,1,57,[63],300,231,line_perpendicular_3
Class1,P2,Class1_example_0184,1.0,0.0026089951197361128,1.0000034034219758,1.0000034034219758,1,75,[76],300,231,line_perpendicular_3
Class1,P2,Class1_example_0185,3.0,0.023745748550271784,3.000093975290476,3.000093975290476,1,63,[66],300,231,line_perpendicular_3
Class1,P2,Class1_example_0186,2.0,0.008592315376171333,2.0000184568857167,2.0000184568857167,1,64,[66],300,231,line_perpendicular_3
Class1,P2,Class1_example_0187,1.0,0.0019156233969295222,1.000001834804816,1.000001834804816,1,57,[58],300,231,line_perpendicular_3
Class1,P2,Class1_example_0188,1.0,0.0017883267084177756,1.0000015990549296,1.0000015990549296,1,72,[73],300,231,line_perpendicular_3
Class1,P2,Class1_example_0189,2.0,0.0025973716578353567,2.000001686584171,2.000001686584171,1,76,[74],300,231,line_perpendicular_3
Class1,P2,Class1_example_0190,30.0,0.1629257225877151,30.00044240992257,30.00044240992257,1,41,[71],300,231,line_perpendicular_3
Class1,P2,Class1_example_0191,3.0,0.023521908374844136,3.000092211945092,3.000092211945092,1,65,[68],300,231,line_perpendicular_3
Class1,P2,Class1_example_0192,2.0,0.017389379926418203,2.0000755962048595,2.0000755962048595,1,64,[66],300,231,line_perpendicular_3
Class1,P2,Class1_example_0193,1.0,0.010273048228868098,1.0000527663678116,1.0000527663678116,1,62,[63],300,231,line_perpendicular_3
Class1,P2,Class1_example_0194,2.0,0.02228264247359979,2.0001241251871362,2.0001241251871362,1,58,[60],300,231,line_perpendicular_3
Class1,P2,Class1_example_0195,2.0,0.0015612129183351087,2.000000609346351,2.000000609346351,1,73,[75],300,231,line_perpendicular_3
Class1,P2,Class1_example_0196,3.0,0.0018144440751866053,3.0000005487011667,3.0000005487011667,1,69,[72],300,231,line_perpendicular_3
Class1,P2,Class1_example_0197,4.0,0.004231045791286303,4.000002237717935,4.000002237717935,1,66,[70],300,231,line_perpendicular_3
Class1,P2,Class1_example_0198,27.0,0.03722255055693047,27.00002565773355,27.00002565773355,1,52,[79],300,231,line_perpendicular_3
Class1,P2,Class1_example_0199,1.0,0.0006336332654051091,1.0000002007455373,1.0000002007455373,1,74,[75],300,231,line_perpendicular_3
Class1,P2,Class1_example_0200,2.0,0.006693131114613449,2.0000111994696725,2.0000111994696725,1,77,[79],300,231,line_perpendicular_3
Class1,P2,Class1_example_0201,3.0,0.007535187521696907,3.0000094631602394,3.0000094631602394,1,76,[79],300,231,line_perpendicular_3
Class1,P2,Class1_example_0202,0.0,0.0,0.0,0.0,1,65,[65],300,231,line_perpendicular_3
Class1,P2,Class1_example_0203,1.0,0.015399477865544409,1.0001185649304443,1.0001185649304443,1,60,[59],300,231,line_perpendicular_3
Class1,P2,Class1_example_0204,34.0,0.11771593060909569,34.00020377939401,34.00020377939401,1,49,[83],300,231,line_perpendicular_3
Class1,P2,Class1_example_0205,33.0,0.07976082988722377,33.00009639061656,33.00009639061656,1,51,[84],300,231,line_perpendicular_3
Class1,P2,Class1_example_0206,,,,,0,53,[],300,231,line_perpendicular_3
Class1,P2,Class1_example_0207,,,,,0,53,[],300,231,line_perpendicular_3
Class1,P2,Class1_example_0208,2.0,0.003174636523825214,2.0000025195776776,2.0000025195776776,1,63,[65],300,231,line_perpendicular_3
Class1,P2,Class1_example_0209,1.0,0.0016792650376608043,1.0000014099645393,1.0000014099645393,1,67,[68],300,231,line_perpendicular_3
Class1,P2,Class1_example_0210,1.0,0.00442837190591705,1.0000098051907975,1.0000098051907975,1,51,[52],300,231,line_perpendicular_3
Class1,P2,Class1_example_0211,1.0,0.007380508002459929,1.0000272355782989,1.0000272355782989,1,52,[53],300,231,line_perpendicular_3
Class1,P2,Class1_example_0212,4.0,0.03142590046309168,4.00012344649761,4.00012344649761,1,56,[60],300,231,line_perpendicular_3
Class1,P2,Class1_example_0213,2.0,0.023974126097446535,2.000143684519224,2.000143684519224,1,60,[62],300,231,line_perpendicular_3
Class1,P2,Class1_example_0214,0.0,0.0,0.0,0.0,1,62,[62],300,231,line_perpendicular_3
Class1,P2,Class1_example_0215,2.0,0.014675710792553809,2.0000538433970387,2.0000538433970387,1,55,[57],300,231,line_perpendicular_3
Class1,P2,Class1_example_0216,3.0,0.017215357599383307,3.0000493943495785,3.0000493943495785,1,60,[63],300,231,line_perpendicular_3
Class1,P2,Class1_example_0217,3.0,0.015880636054672936,3.0000420321391332,3.0000420321391332,1,62,[65],300,231,line_perpendicular_3
Class1,P2,Class1_example_0218,4.0,0.01873794121024608,4.000043888564324,4.000043888564324,1,62,[66],300,231,line_perpendicular_3
Class1,P2,Class1_example_0219,6.0,0.027496652087927842,6.000063005158866,6.000063005158866,1,56,[62],300,231,line_perpendicular_3
Class1,P2,Class1_example_0220,4.0,0.025114370962024957,4.000078840676621,4.000078840676621,1,60,[64],300,231,line_perpendicular_3
Class1,P2,Class1_example_0221,32.0,0.08075661371986975,32.000101900316814,32.000101900316814,1,48,[80],300,231,line_perpendicular_3
Class1,P2,Class1_example_0222,6.0,0.025941431718390695,6.000056079561224,6.000056079561224,1,61,[67],300,231,line_perpendicular_3
Class1,P2,Class1_example_0223,1.0,0.009653212183058035,1.000046591167357,1.000046591167357,1,61,[60],300,231,line_perpendicular_3
Class1,P2,Class1_example_0224,18.0,0.09785902652374884,18.000269879318324,2.0000662676374117,2,50,"[52, 84]",300,231,line_perpendicular_3
Class1,P2,Class1_example_0225,,,,,0,59,[],300,231,line_perpendicular_3
Class1,P2,Class1_example_0226,3.0,0.01591558616397959,3.0000422173501065,3.0000422173501065,1,67,[70],300,231,line_perpendicular_3
Class1,P2,Class1_example_0227,2.0,0.012056002441952152,2.0000363364686353,2.0000363364686353,1,81,[83],300,231,line_perpendicular_3
Class1,P2,Class1_example_0228,0.0,0.0,0.0,0.0,1,74,[74],300,231,line_perpendicular_3
Class1,P2,Class1_example_0229,0.0,0.0,0.0,0.0,1,62,[62],300,231,line_perpendicular_3
Class1,P2,Class1_example_0230,1.0,0.0009873337235273283,1.000000487413822,1.000000487413822,1,60,[59],300,231,line_perpendicular_3
Class1,P2,Class1_example_0231,,,,,0,60,[],300,231,line_perpendicular_3
Class1,P2,Class1_example_0232,,,,,0,62,[],300,231,line_perpendicular_3
Class1,P2,Class1_example_0233,1.0,0.0020794926327556418,1.0000021621424675,1.0000021621424675,1,66,[67],300,231,line_perpendicular_3
Class1,P2,Class1_example_0234,,,,,0,63,[],300,231,line_perpendicular_3
Class1,P2,Class1_example_0235,2.0,0.004943947383194147,2.000006110644597,2.000006110644597,1,63,[65],300,231,line_perpendicular_3
Class1,P2,Class1_example_0236,1.0,0.00029344616690907266,1.0000000430553255,1.0000000430553255,1,65,[66],300,231,line_perpendicular_3
Class1,P2,Class1_example_0237,1.0,0.0028269110273601017,1.0000039957049955,1.0000039957049955,1,67,[68],300,231,line_perpendicular_3
Class1,P2,Class1_example_0238,3.0,0.014246494721728675,3.0000338269112663,3.0000338269112663,1,56,[59],300,231,line_perpendicular_3
Class1,P2,Class1_example_0239,2.0,0.011996920286117319,2.0000359812004262,2.0000359812004262,1,58,[60],300,231,line_perpendicular_3
Class1,P2,Class1_example_0240,1.0,0.004869746971224664,1.0000118571474859,1.0000118571474859,1,59,[60],300,231,line_perpendicular_3
Class1,P2,Class1_example_0241,,,,,0,58,[],300,231,line_perpendicular_3
Class1,P2,Class1_example_0242,32.0,0.02022467308804421,32.000006391208764,32.000006391208764,1,53,[85],300,231,line_perpendicular_3
Class1,P2,Class1_example_0243,1.0,0.00378123788193796,1.000007148854407,1.000007148854407,1,64,[65],300,231,line_perpendicular_3
Class1,P2,Class1_example_0244,2.0,0.008849783973027492,2.0000195795732525,2.0000195795732525,1,75,[73],300,231,line_perpendicular_3
Class1,P2,Class1_example_0245,1.0,0.003979559995909154,1.00000791841753,1.00000791841753,1,72,[71],300,231,line_perpendicular_3
Class1,P2,Class1_example_0246,,,,,0,71,[],300,231,line_perpendicular_3
Class1,P2,Class1_example_0247,,,,,0,68,[],300,231,line_perpendicular_3
Class1,P2,Class1_example_0248,5.0,0.03435058905468236,5.000117994904561,5.000117994904561,1,73,[78],300,231,line_perpendicular_3
Class1,P2,Class1_example_0249,1.0,0.008884986382990734,1.0000394707125444,1.0000394707125444,1,76,[77],300,231,line_perpendicular_3
Class1,P2,Class1_example_0250,18.0,0.01991455110895629,18.00002139574858,1.0000278232496111,2,50,"[51, 85]",300,231,line_perpendicular_3
Class1,P2,Class1_example_0251,1.0,0.007586096399092024,1.0000287740153162,1.0000287740153162,1,53,[54],300,231,line_perpendicular_3
Class1,P2,Class1_example_0252,3.0,0.026761376200747256,3.000119359501578,3.000119359501578,1,58,[61],300,231,line_perpendicular_3
Class1,P2,Class1_example_0253,2.0,0.00945275691116354,2.0000223385285527,2.0000223385285527,1,73,[75],300,231,line_perpendicular_3
Class1,P2,Class1_example_0254,,,,,0,49,[],300,231,line_perpendicular_3
Class1,P2,Class1_example_0255,23.0,0.02100498005993723,23.00000959150207,23.00000959150207,1,46,[69],300,231,line_perpendicular_3
Class1,P2,Class1_example_0256,17.5,0.12277641952124033,17.500433793032922,3.0001205105824766,2,53,"[56, 85]",300,231,line_perpendicular_3
Class1,P2,Class1_example_0257,,,,,0,57,[],300,231,line_perpendicular_3
Class1,P2,Class1_example_0258,23.0,0.19525477951355963,23.00082877700112,23.00082877700112,1,53,[76],300,231,line_perpendicular_3
Class1,P2,Class1_example_0259,22.0,0.13604803287258893,22.000420656597647,22.000420656597647,1,50,[72],300,231,line_perpendicular_3
Class1,P2,Class1_example_0260,22.0,0.15845215105130472,22.000570608149523,22.000570608149523,1,51,[73],300,231,line_perpendicular_3
Class1,P2,Class1_example_0261,,,,,0,57,[],300,231,line_perpendicular_3
Class1,P2,Class1_example_0262,,,,,0,54,[],300,231,line_perpendicular_3
Class1,P2,Class1_example_0263,,,,,0,57,[],300,231,line_perpendicular_3
Class1,P2,Class1_example_0264,3.0,0.026091426769305426,3.00011345827968,3.00011345827968,1,54,[57],300,231,line_perpendicular_3
Class1,P2,Class1_example_0265,3.0,0.022805266221040843,3.0000866787757,3.0000866787757,1,51,[54],300,231,line_perpendicular_3
Class1,P2,Class1_example_0266,1.0,0.010576904233039919,1.0000559338872776,1.0000559338872776,1,54,[55],300,231,line_perpendicular_3
Class1,P2,Class1_example_0267,1.0,0.002165385944958853,1.0000023444453972,1.0000023444453972,1,54,[55],300,231,line_perpendicular_3
Class1,P2,Class1_example_0268,,,,,0,56,[],300,231,line_perpendicular_3
Class1,P2,Class1_example_0269,,,,,0,55,[],300,231,line_perpendicular_3
Class1,P2,Class1_example_0270,4.0,0.020325560959826516,4.000051640720196,4.000051640720196,1,53,[57],300,231,line_perpendicular_3
Class1,P2,Class1_example_0271,2.0,0.00026428006812495575,2.0000000174609887,2.0000000174609887,1,55,[57],300,231,line_perpendicular_3
Class1,P2,Class1_example_0272,1.0,0.004911794765060429,1.0000120627911517,1.0000120627911517,1,61,[62],300,231,line_perpendicular_3
Class1,P2,Class1_example_0273,16.0,0.04169388828780113,16.000054324315403,2.000006756645511,2,55,"[57, 85]",300,231,line_perpendicular_3
Class1,P2,Class1_example_0274,24.0,0.06650341637016688,24.0000921394979,24.0000921394979,1,45,[69],300,231,line_perpendicular_3
Class1,P2,Class1_example_0275,,,,,0,52,[],300,231,line_perpendicular_3
Class1,P2,Class1_example_0276,,,,,0,52,[],300,231,line_perpendicular_3
Class1,P2,Class1_example_0277,,,,,0,51,[],300,231,line_perpendicular_3
Class1,P2,Class1_example_0278,21.0,0.09602406370303396,21.000219537443176,21.000219537443176,1,46,[67],300,231,line_perpendicular_3
Class1,P2,Class1_example_0279,26.0,0.0683935151913233,26.000089955092854,26.000089955092854,1,45,[71],300,231,line_perpendicular_3
Class1,P2,Class1_example_0280,24.0,0.06395255723937276,24.000085206714942,24.000085206714942,1,46,[70],300,231,line_perpendicular_3
Class1,P2,Class1_example_0281,2.0,0.010742829679355137,2.000028851889272,2.000028851889272,1,61,[63],300,231,line_perpendicular_3
Class1,P2,Class1_example_0282,34.0,0.0243681950874729,34.000008732483174,34.000008732483174,1,48,[82],300,231,line_perpendicular_3
Class1,P2,Class1_example_0283,29.0,0.03185806120396506,29.000017498892372,29.000017498892372,1,42,[71],300,231,line_perpendicular_3
Class1,P2,Class1_example_0284,26.0,0.013692739044121827,26.000003605597875,26.000003605597875,1,43,[69],300,231,line_perpendicular_3
Class1,P2,Class1_example_0285,21.5,0.198839125370574,21.500939049002998,1.0000001232147884,2,84,"[42, 85]",300,231,line_perpendicular_3
Class1,P2,Class1_example_0286,20.0,0.008224251571911811,20.000001690957777,0.0,2,81,"[41, 81]",300,231,line_perpendicular_3
Class1,P2,Class1_example_0287,34.0,0.39290056549263397,34.00227008383947,34.00227008383947,1,73,[39],300,231,line_perpendicular_3
Class1,P2,Class1_example_0288,19.5,0.18852335336193582,19.5009467075888,2.0000021595991213,2,81,"[44, 83]",300,231,line_perpendicular_3
Class1,P2,Class1_example_0289,9.0,0.044156925171185524,9.000108323461477,9.000108323461477,1,56,[65],300,231,line_perpendicular_3
Class1,P2,Class1_example_0290,30.0,0.033004566160487414,30.00001815501763,30.00001815501763,1,52,[82],300,231,line_perpendicular_3
Class1,P2,Class1_example_0291,26.0,0.08696340774752376,26.000145434867996,26.000145434867996,1,45,[71],300,231,line_perpendicular_3
Class1,P2,Class1_example_0292,,,,,0,57,[],300,231,line_perpendicular_3
Class1,P2,Class1_example_0293,35.0,0.23027181854139778,35.00075749338026,35.00075749338026,1,49,[84],300,231,line_perpendicular_3
Class1,P2,Class1_example_0294,1.0,0.002571427883475752,1.0000033061152147,1.0000033061152147,1,73,[74],300,231,line_perpendicular_3
Class1,P2,Class1_example_0295,20.0,0.039414715201111505,20.00003883795665,20.00003883795665,1,63,[83],300,231,line_perpendicular_3
Class1,P2,Class1_example_0296,,,,,0,58,[],300,231,line_perpendicular_3
Class1,P2,Class1_example_0297,28.0,0.04450560036696516,28.000035370485946,28.000035370485946,1,50,[78],300,231,line_perpendicular_3
Class1,P2,Class1_example_0298,25.0,0.0764809780173138,25.00011698652625,25.00011698652625,1,53,[78],300,231,line_perpendicular_3
Class1,P2,Class1_example_0299,1.0,0.012160012812059695,1.0000739302229558,1.0000739302229558,1,62,[61],300,231,line_perpendicular_3
Class1,P2,Class1_example_0300,1.0,0.01402295151115407,1.0000983167514503,1.0000983167514503,1,64,[63],300,231,line_perpendicular_3
Class2,P2,Class2_example_0001,4.0,0.032914972148093025,4.000135422131545,4.000135422131545,1,60,[64],300,202,line_perpendicular_3
Class2,P2,Class2_example_0002,4.0,0.018734318435283392,4.000043871595315,4.000043871595315,1,59,[63],300,202,line_perpendicular_3
Class2,P2,Class2_example_0003,,,,,0,62,[],300,202,line_perpendicular_3
Class2,P2,Class2_example_0004,0.0,0.0,0.0,0.0,1,58,[58],300,202,line_perpendicular_3
Class2,P2,Class2_example_0005,,,,,0,55,[],300,202,line_perpendicular_3
Class2,P2,Class2_example_0006,0.0,0.0,0.0,0.0,1,60,[60],300,202,line_perpendicular_3
Class2,P2,Class2_example_0007,0.0,0.0,0.0,0.0,1,60,[60],300,202,line_perpendicular_3
Class2,P2,Class2_example_0008,2.0,0.01738772124110699,2.0000755817843383,2.0000755817843383,1,61,[63],300,202,line_perpendicular_3
Class2,P2,Class2_example_0009,0.0,0.0,0.0,0.0,1,56,[56],300,202,line_perpendicular_3
Class2,P2,Class2_example_0010,,,,,0,63,[],300,202,line_perpendicular_3
Class2,P2,Class2_example_0011,2.0,0.010058376160206328,2.0000252925728166,2.0000252925728166,1,61,[63],300,202,line_perpendicular_3
Class2,P2,Class2_example_0012,1.0,0.0051244496761515546,1.0000131299060444,1.0000131299060444,1,65,[66],300,202,line_perpendicular_3
Class2,P2,Class2_example_0013,,,,,0,70,[],300,202,line_perpendicular_3
Class2,P2,Class2_example_0014,38.0,0.02250705877401482,38.00000666536382,38.00000666536382,1,86,[48],300,202,line_perpendicular_3
Class2,P2,Class2_example_0015,5.0,0.02062839434825159,5.000042552884264,5.000042552884264,1,68,[73],300,202,line_perpendicular_3
Class2,P2,Class2_example_0016,,,,,0,67,[],300,202,line_perpendicular_3
Class2,P2,Class2_example_0017,28.0,0.10046670700087101,28.000180241548726,28.000180241548726,1,46,[74],300,202,line_perpendicular_3
Class2,P2,Class2_example_0018,25.0,0.08535143467175588,25.000145696923457,25.000145696923457,1,47,[72],300,202,line_perpendicular_3
Class2,P2,Class2_example_0019,29.0,0.11745344746297914,29.000237849237045,29.000237849237045,1,47,[76],300,202,line_perpendicular_3
Class2,P2,Class2_example_0020,0.0,0.0,0.0,0.0,1,47,[47],300,202,line_perpendicular_3
Class2,P2,Class2_example_0021,1.0,0.0011095597702563964,1.0000006155612524,1.0000006155612524,1,81,[80],300,202,line_perpendicular_3
Class2,P2,Class2_example_0022,1.0,0.002722843919868545,1.0000037069326353,1.0000037069326353,1,79,[80],300,202,line_perpendicular_3
Class2,P2,Class2_example_0023,3.0,0.00530912986768417,3.0000046978063137,3.0000046978063137,1,68,[71],300,202,line_perpendicular_3
Class2,P2,Class2_example_0024,2.0,0.001054349531673493,2.0000002779132147,2.0000002779132147,1,73,[71],300,202,line_perpendicular_3
Class2,P2,Class2_example_0025,0.0,0.0,0.0,0.0,1,80,[80],300,202,line_perpendicular_3
Class2,P2,Class2_example_0026,0.0,0.0,0.0,0.0,1,67,[67],300,202,line_perpendicular_3
Class2,P2,Class2_example_0027,,,,,0,61,[],300,202,line_perpendicular_3
Class2,P2,Class2_example_0028,1.0,0.0007308651792797827,1.0000002670819195,1.0000002670819195,1,69,[70],300,202,line_perpendicular_3
Class2,P2,Class2_example_0029,,,,,0,57,[],300,202,line_perpendicular_3
Class2,P2,Class2_example_0030,,,,,0,75,[],300,202,line_perpendicular_3
Class2,P2,Class2_example_0031,36.0,0.06452604786563743,36.00005782788207,36.00005782788207,1,46,[82],300,202,line_perpendicular_3
Class2,P2,Class2_example_0032,3.0,0.005504333459466992,3.0000050496102224,3.0000050496102224,1,53,[56],300,202,line_perpendicular_3
Class2,P2,Class2_example_0033,1.0,0.004512692279652675,1.0000101821439673,1.0000101821439673,1,63,[64],300,202,line_perpendicular_3
Class2,P2,Class2_example_0034,0.0,0.0,0.0,0.0,1,64,[64],300,202,line_perpendicular_3
Class2,P2,Class2_example_0035,1.0,4.7076267661427806e-05,1.0000000011080874,1.0000000011080874,1,67,[68],300,202,line_perpendicular_3
Class2,P2,Class2_example_0036,0.0,0.0,0.0,0.0,1,73,[73],300,202,line_perpendicular_3
Class2,P2,Class2_example_0037,1.0,0.001331205421119308,1.000000886053544,1.000000886053544,1,60,[61],300,202,line_perpendicular_3
Class2,P2,Class2_example_0038,2.0,0.006778024459836107,2.000011485370916,2.000011485370916,1,70,[68],300,202,line_perpendicular_3
Class2,P2,Class2_example_0039,0.0,0.0,0.0,0.0,1,70,[70],300,202,line_perpendicular_3
Class2,P2,Class2_example_0040,,,,,0,69,[],300,202,line_perpendicular_3
Class2,P2,Class2_example_0041,1.0,0.0032693910347221244,1.0000053444445873,1.0000053444445873,1,74,[75],300,202,line_perpendicular_3
Class2,P2,Class2_example_0042,23.0,0.037042938427916394,23.000029829965165,23.000029829965165,1,54,[77],300,202,line_perpendicular_3
Class2,P2,Class2_example_0043,1.0,0.001651706268932629,1.0000013640658691,1.0000013640658691,1,57,[58],300,202,line_perpendicular_3
Class2,P2,Class2_example_0044,21.0,0.05421986952398139,21.000069994984568,21.000069994984568,1,55,[76],300,202,line_perpendicular_3
Class2,P2,Class2_example_0045,,,,,0,51,[],300,202,line_perpendicular_3
Class2,P2,Class2_example_0046,,,,,0,48,[],300,202,line_perpendicular_3
Class2,P2,Class2_example_0047,,,,,0,55,[],300,202,line_perpendicular_3
Class2,P2,Class2_example_0048,2.0,0.010305253738203235,2.0000265493874347,2.0000265493874347,1,60,[62],300,202,line_perpendicular_3
Class2,P2,Class2_example_0049,,,,,0,51,[],300,202,line_perpendicular_3
Class2,P2,Class2_example_0050,,,,,0,50,[],300,202,line_perpendicular_3
Class2,P2,Class2_example_0051,,,,,0,50,[],300,202,line_perpendicular_3
Class2,P2,Class2_example_0052,,,,,0,53,[],300,202,line_perpendicular_3
Class2,P2,Class2_example_0053,,,,,0,49,[],300,202,line_perpendicular_3
Class2,P2,Class2_example_0054,,,,,0,51,[],300,202,line_perpendicular_3
Class2,P2,Class2_example_0055,32.0,0.1734895921082953,32.00047028777186,32.00047028777186,1,47,[79],300,202,line_perpendicular_3
Class2,P2,Class2_example_0056,29.0,0.13503754695893144,29.00031439724557,29.00031439724557,1,44,[73],300,202,line_perpendicular_3
Class2,P2,Class2_example_0057,,,,,0,58,[],300,202,line_perpendicular_3
Class2,P2,Class2_example_0058,2.0,0.007082629311792821,2.0000125408701734,2.0000125408701734,1,59,[61],300,202,line_perpendicular_3
Class2,P2,Class2_example_0059,,,,,0,57,[],300,202,line_perpendicular_3
Class2,P2,Class2_example_0060,0.0,0.0,0.0,0.0,1,57,[57],300,202,line_perpendicular_3
Class2,P2,Class2_example_0061,,,,,0,61,[],300,202,line_perpendicular_3
Class2,P2,Class2_example_0062,0.0,0.0,0.0,0.0,1,55,[55],300,202,line_perpendicular_3
Class2,P2,Class2_example_0063,1.0,0.0007051563372509895,1.000000248622699,1.000000248622699,1,62,[61],300,202,line_perpendicular_3
Class2,P2,Class2_example_0064,1.0,0.00024042661212309024,1.0000000289024775,1.0000000289024775,1,64,[63],300,202,line_perpendicular_3
Class2,P2,Class2_example_0065,2.0,0.0005081038084483458,2.0000000645423692,2.0000000645423692,1,68,[66],300,202,line_perpendicular_3
Class2,P2,Class2_example_0066,0.0,0.0,0.0,0.0,1,56,[56],300,202,line_perpendicular_3
Class2,P2,Class2_example_0067,0.0,0.0,0.0,0.0,1,63,[63],300,202,line_perpendicular_3
Class2,P2,Class2_example_0068,0.0,0.0,0.0,0.0,1,57,[57],300,202,line_perpendicular_3
Class2,P2,Class2_example_0069,1.0,0.0021334119228703097,1.0000022757206268,1.0000022757206268,1,62,[61],300,202,line_perpendicular_3
Class2,P2,Class2_example_0070,4.0,0.03852669614290738,4.0001855339866035,4.0001855339866035,1,65,[69],300,202,line_perpendicular_3
Class2,P2,Class2_example_0071,1.0,0.002241957565612185,1.000002513183705,1.000002513183705,1,64,[65],300,202,line_perpendicular_3
Class2,P2,Class2_example_0072,0.0,0.0,0.0,0.0,1,61,[61],300,202,line_perpendicular_3
Class2,P2,Class2_example_0073,0.0,0.0,0.0,0.0,1,62,[62],300,202,line_perpendicular_3
Class2,P2,Class2_example_0074,1.0,0.000533541982114305,1.0000001423335132,1.0000001423335132,1,76,[75],300,202,line_perpendicular_3
Class2,P2,Class2_example_0075,2.0,0.004597113246931572,2.0000052833555726,2.0000052833555726,1,68,[70],300,202,line_perpendicular_3
Class2,P2,Class2_example_0076,2.0,0.005285136838234172,2.0000069831556586,2.0000069831556586,1,64,[66],300,202,line_perpendicular_3
Class2,P2,Class2_example_0077,,,,,0,50,[],300,202,line_perpendicular_3
Class2,P2,Class2_example_0078,,,,,0,51,[],300,202,line_perpendicular_3
Class2,P2,Class2_example_0079,2.0,0.0020703268254825824,2.000001071563004,2.000001071563004,1,52,[54],300,202,line_perpendicular_3
Class2,P2,Class2_example_0080,0.0,0.0,0.0,0.0,1,56,[56],300,202,line_perpendicular_3
Class2,P2,Class2_example_0081,3.0,0.0011332127173115936,3.000000214028503,3.000000214028503,1,57,[60],300,202,line_perpendicular_3
Class2,P2,Class2_example_0082,2.0,0.005677844401536625,2.000008059463023,2.000008059463023,1,59,[61],300,202,line_perpendicular_3
Class2,P2,Class2_example_0083,2.0,0.005196305449126748,2.0000067503861882,2.0000067503861882,1,75,[77],300,202,line_perpendicular_3
Class2,P2,Class2_example_0084,,,,,0,81,[],300,202,line_perpendicular_3
Class2,P2,Class2_example_0085,6.0,0.02879583609740266,6.000069099616816,6.000069099616816,1,53,[59],300,202,line_perpendicular_3
Class2,P2,Class2_example_0086,3.0,0.013114784648009747,3.0000286661257696,3.0000286661257696,1,61,[58],300,202,line_perpendicular_3
Class2,P2,Class2_example_0087,2.0,0.008618660253273402,2.000018570239927,2.000018570239927,1,62,[64],300,202,line_perpendicular_3
Class2,P2,Class2_example_0088,15.0,0.01728417239576563,15.000009958083874,15.000009958083874,1,55,[40],300,202,line_perpendicular_3
Class2,P2,Class2_example_0089,,,,,0,58,[],300,202,line_perpendicular_3
Class2,P2,Class2_example_0090,2.0,0.006881778358549084,2.0000118396832995,2.0000118396832995,1,66,[68],300,202,line_perpendicular_3
Class2,P2,Class2_example_0091,0.0,0.0,0.0,0.0,1,62,[62],300,202,line_perpendicular_3
Class2,P2,Class2_example_0092,30.0,0.0046890948088210704,30.000000366460167,30.000000366460167,1,51,[81],300,202,line_perpendicular_3
Class2,P2,Class2_example_0093,0.0,0.0,0.0,0.0,1,71,[71],300,202,line_perpendicular_3
Class2,P2,Class2_example_0094,0.0,0.0,0.0,0.0,1,67,[67],300,202,line_perpendicular_3
Class2,P2,Class2_example_0095,1.0,0.0038138178658191357,1.0000072725769116,1.0000072725769116,1,67,[68],300,202,line_perpendicular_3
Class2,P2,Class2_example_0096,0.0,0.0,0.0,0.0,1,66,[66],300,202,line_perpendicular_3
Class2,P2,Class2_example_0097,,,,,0,66,[],300,202,line_perpendicular_3
Class2,P2,Class2_example_0098,,,,,0,56,[],300,202,line_perpendicular_3
Class2,P2,Class2_example_0099,32.0,0.026242048968890597,32.00001076007841,32.00001076007841,1,50,[82],300,202,line_perpendicular_3
Class2,P2,Class2_example_0100,,,,,0,48,[],300,202,line_perpendicular_3
Class2,P2,Class2_example_0101,,,,,0,53,[],300,202,line_perpendicular_3
Class2,P2,Class2_example_0102,,,,,0,50,[],300,202,line_perpendicular_3
Class2,P2,Class2_example_0103,1.0,0.0009599959304006367,1.000000460795987,1.000000460795987,1,50,[51],300,202,line_perpendicular_3
Class2,P2,Class2_example_0104,5.0,0.016771295391911467,5.0000281275557965,5.0000281275557965,1,57,[62],300,202,line_perpendicular_3
Class2,P2,Class2_example_0105,1.0,0.0011036659867933452,1.0000006090391198,1.0000006090391198,1,63,[62],300,202,line_perpendicular_3
Class2,P2,Class2_example_0106,36.0,0.06450331389367214,36.000057787141166,36.000057787141166,1,46,[82],300,202,line_perpendicular_3
Class2,P2,Class2_example_0107,1.0,0.0031704004837778132,1.000005025706985,1.000005025706985,1,66,[67],300,202,line_perpendicular_3
Class2,P2,Class2_example_0108,1.0,0.0032330560057424185,1.000005226311911,1.000005226311911,1,74,[75],300,202,line_perpendicular_3
Class2,P2,Class2_example_0109,2.0,0.010596649357066501,2.0000280720473893,2.0000280720473893,1,67,[69],300,202,line_perpendicular_3
Class2,P2,Class2_example_0110,,,,,0,65,[],300,202,line_perpendicular_3
Class2,P2,Class2_example_0111,22.0,0.024369741763768826,22.000013497366623,22.000013497366623,1,61,[39],300,202,line_perpendicular_3
Class2,P2,Class2_example_0112,,,,,0,47,[],300,202,line_perpendicular_3
Class2,P2,Class2_example_0113,1.0,0.0024487606122371997,1.0000029982097733,1.0000029982097733,1,61,[60],300,202,line_perpendicular_3
Class2,P2,Class2_example_0114,2.0,0.006087652739503957,2.0000092648575096,2.0000092648575096,1,60,[62],300,202,line_perpendicular_3
Class2,P2,Class2_example_0115,2.0,0.00900027157040284,2.000020251119558,2.000020251119558,1,67,[65],300,202,line_perpendicular_3
Class2,P2,Class2_example_0116,0.0,0.0,0.0,0.0,1,60,[60],300,202,line_perpendicular_3
Class2,P2,Class2_example_0117,,,,,0,58,[],300,202,line_perpendicular_3
Class2,P2,Class2_example_0118,16.0,0.04493583539440632,16.00008871319246,2.000094836401973,2,69,"[39, 71]",300,202,line_perpendicular_3
Class2,P2,Class2_example_0119,11.0,0.00640921575646114,11.000001867183778,11.000001867183778,1,54,[43],300,202,line_perpendicular_3
Class2,P2,Class2_example_0120,,,,,0,65,[],300,202,line_perpendicular_3
Class2,P2,Class2_example_0121,,,,,0,62,[],300,202,line_perpendicular_3
Class2,P2,Class2_example_0122,26.0,0.043606788359371484,26.000036568281804,26.000036568281804,1,56,[82],300,202,line_perpendicular_3
Class2,P2,Class2_example_0123,,,,,0,52,[],300,202,line_perpendicular_3
Class2,P2,Class2_example_0124,22.0,0.06081563910429244,22.000084057611225,22.000084057611225,1,47,[69],300,202,line_perpendicular_3
Class2,P2,Class2_example_0125,1.0,0.0015168639486614621,1.0000011504374575,1.0000011504374575,1,74,[73],300,202,line_perpendicular_3
Class2,P2,Class2_example_0126,,,,,0,51,[],300,202,line_perpendicular_3
Class2,P2,Class2_example_0127,,,,,0,46,[],300,202,line_perpendicular_3
Class2,P2,Class2_example_0128,,,,,0,46,[],300,202,line_perpendicular_3
Class2,P2,Class2_example_0129,,,,,0,55,[],300,202,line_perpendicular_3
Class2,P2,Class2_example_0130,18.5,0.03460778821274596,18.500043142437264,3.00004543535595,2,73,"[39, 76]",300,202,line_perpendicular_3
Class2,P2,Class2_example_0131,,,,,0,62,[],300,202,line_perpendicular_3
Class2,P2,Class2_example_0132,,,,,0,51,[],300,202,line_perpendicular_3
Class2,P2,Class2_example_0133,,,,,0,62,[],300,202,line_perpendicular_3
Class2,P2,Class2_example_0134,0.0,0.0,0.0,0.0,1,67,[67],300,202,line_perpendicular_3
Class2,P2,Class2_example_0135,22.0,0.014421134831483773,22.000004726570623,22.000004726570623,1,55,[77],300,202,line_perpendicular_3
Class2,P2,Class2_example_0136,,,,,0,49,[],300,202,line_perpendicular_3
Class2,P2,Class2_example_0137,,,,,0,39,[],300,202,line_perpendicular_3
Class2,P2,Class2_example_0138,,,,,0,45,[],300,202,line_perpendicular_3
Class2,P2,Class2_example_0139,2.0,0.007275099309592692,2.0000132317237216,2.0000132317237216,1,56,[58],300,202,line_perpendicular_3
Class2,P2,Class2_example_0140,1.0,0.005084782378257713,1.000012927422358,1.000012927422358,1,68,[69],300,202,line_perpendicular_3
Class2,P2,Class2_example_0141,3.0,0.012787144644576642,3.000027251720917,3.000027251720917,1,64,[67],300,202,line_perpendicular_3
Class2,P2,Class2_example_0142,1.0,0.00014650535550120303,1.0000000107319096,1.0000000107319096,1,67,[68],300,202,line_perpendicular_3
Class2,P2,Class2_example_0143,,,,,0,56,[],300,202,line_perpendicular_3
Class2,P2,Class2_example_0144,,,,,0,57,[],300,202,line_perpendicular_3
Class2,P2,Class2_example_0145,,,,,0,49,[],300,202,line_perpendicular_3
Class2,P2,Class2_example_0146,,,,,0,50,[],300,202,line_perpendicular_3
Class2,P2,Class2_example_0147,,,,,0,51,[],300,202,line_perpendicular_3
Class2,P2,Class2_example_0148,4.0,0.02855466561165876,4.000101919817568,4.000101919817568,1,61,[65],300,202,line_perpendicular_3
Class2,P2,Class2_example_0149,4.0,0.03348034666367816,4.00014011424759,4.00014011424759,1,64,[68],300,202,line_perpendicular_3
Class2,P2,Class2_example_0150,10.0,0.06301366282877152,10.000198534114364,10.000198534114364,1,51,[61],300,202,line_perpendicular_3
Class2,P2,Class2_example_0151,,,,,0,51,[],300,202,line_perpendicular_3
Class2,P2,Class2_example_0152,1.0,0.0045224061629639545,1.0000102260264656,1.0000102260264656,1,56,[55],300,202,line_perpendicular_3
Class2,P2,Class2_example_0153,,,,,0,44,[],300,202,line_perpendicular_3
Class2,P2,Class2_example_0154,,,,,0,46,[],300,202,line_perpendicular_3
Class2,P2,Class2_example_0155,,,,,0,43,[],300,202,line_perpendicular_3
Class2,P2,Class2_example_0156,,,,,0,49,[],300,202,line_perpendicular_3
Class2,P2,Class2_example_0157,30.0,0.0015506227468597977,30.00000004007385,30.00000004007385,1,43,[73],300,202,line_perpendicular_3
Class2,P2,Class2_example_0158,,,,,0,49,[],300,202,line_perpendicular_3
Class2,P2,Class2_example_0159,,,,,0,46,[],300,202,line_perpendicular_3
Class2,P2,Class2_example_0160,1.0,0.0017053568520396523,1.0000014541199391,1.0000014541199391,1,61,[60],300,202,line_perpendicular_3
Class2,P2,Class2_example_0161,0.0,0.0,0.0,0.0,1,65,[65],300,202,line_perpendicular_3
Class2,P2,Class2_example_0162,1.0,0.001924909862336066,1.000001852637273,1.000001852637273,1,64,[65],300,202,line_perpendicular_3
Class2,P2,Class2_example_0163,1.0,0.004532106459908758,1.0000102699417461,1.0000102699417461,1,64,[65],300,202,line_perpendicular_3
Class2,P2,Class2_example_0164,1.0,0.004860480835001124,1.0000118120672112,1.0000118120672112,1,61,[62],300,202,line_perpendicular_3
Class2,P2,Class2_example_0165,24.0,0.07240560585993328,24.000109219996478,24.000109219996478,1,50,[74],300,202,line_perpendicular_3
Class2,P2,Class2_example_0166,2.0,0.008337977826989418,2.000017380393041,2.000017380393041,1,62,[64],300,202,line_perpendicular_3
Class2,P2,Class2_example_0167,3.0,0.015124894046459558,3.0000381268277105,3.0000381268277105,1,72,[75],300,202,line_perpendicular_3
Class2,P2,Class2_example_0168,37.0,0.014526152105013956,37.00000285147415,37.00000285147415,1,78,[41],300,202,line_perpendicular_3
Class2,P2,Class2_example_0169,19.0,0.03143814779908005,19.00003074391344,3.000024797752095,2,76,"[41, 79]",300,202,line_perpendicular_3
Class2,P2,Class2_example_0170,2.0,0.0032731849469341823,2.000002678433131,2.000002678433131,1,60,[58],300,202,line_perpendicular_3
Class2,P2,Class2_example_0171,15.0,0.05581362797337275,15.000103838342838,15.000103838342838,1,54,[39],300,202,line_perpendicular_3
Class2,P2,Class2_example_0172,12.0,0.027253922646014006,12.000030948972574,12.000030948972574,1,54,[66],300,202,line_perpendicular_3
Class2,P2,Class2_example_0173,13.0,0.05730425471421341,13.00012629852527,13.00012629852527,1,51,[64],300,202,line_perpendicular_3
Class2,P2,Class2_example_0174,14.0,0.04858915238816042,14.000084317807868,14.000084317807868,1,48,[62],300,202,line_perpendicular_3
Class2,P2,Class2_example_0175,14.0,0.04513523234433092,14.000072756568045,14.000072756568045,1,48,[62],300,202,line_perpendicular_3
Class2,P2,Class2_example_0176,19.0,0.08118304538105059,19.000173438336223,19.000173438336223,1,47,[66],300,202,line_perpendicular_3
Class2,P2,Class2_example_0177,16.0,0.15072904194798853,16.000709960626327,16.000709960626327,1,46,[62],300,202,line_perpendicular_3
Class2,P2,Class2_example_0178,,,,,0,60,[],300,202,line_perpendicular_3
Class2,P2,Class2_example_0179,,,,,0,60,[],300,202,line_perpendicular_3
Class2,P2,Class2_example_0180,,,,,0,45,[],300,202,line_perpendicular_3
Class2,P2,Class2_example_0181,29.0,0.06482195082291253,29.00007244620793,29.00007244620793,1,47,[76],300,202,line_perpendicular_3
Class2,P2,Class2_example_0182,1.0,0.004046040253114502,1.0000081851873663,1.0000081851873663,1,65,[66],300,202,line_perpendicular_3
Class2,P2,Class2_example_0183,18.5,0.02726152835622042,18.50002277232571,5.000020119443681,2,71,"[39, 76]",300,202,line_perpendicular_3
Class2,P2,Class2_example_0184,,,,,0,52,[],300,202,line_perpendicular_3
Class2,P2,Class2_example_0185,0.0,0.0,0.0,0.0,1,55,[55],300,202,line_perpendicular_3
Class2,P2,Class2_example_0186,3.0,0.01489480226524742,3.0000369756278875,3.0000369756278875,1,68,[65],300,202,line_perpendicular_3
Class2,P2,Class2_example_0187,0.0,0.0,0.0,0.0,1,62,[62],300,202,line_perpendicular_3
Class2,P2,Class2_example_0188,1.0,0.00478291933384456,1.000011438093262,1.000011438093262,1,68,[69],300,202,line_perpendicular_3
Class2,P2,Class2_example_0189,,,,,0,46,[],300,202,line_perpendicular_3
Class2,P2,Class2_example_0190,0.0,0.0,0.0,0.0,1,62,[62],300,202,line_perpendicular_3
Class2,P2,Class2_example_0191,24.0,0.017544845292040145,24.000006412949066,24.000006412949066,1,52,[76],300,202,line_perpendicular_3
Class2,P2,Class2_example_0192,,,,,0,57,[],300,202,line_perpendicular_3
Class2,P2,Class2_example_0193,1.0,0.00017514668997664629,1.0000000153381814,1.0000000153381814,1,80,[79],300,202,line_perpendicular_3
Class2,P2,Class2_example_0194,,,,,0,54,[],300,202,line_perpendicular_3
Class2,P2,Class2_example_0195,,,,,0,45,[],300,202,line_perpendicular_3
Class2,P2,Class2_example_0196,29.0,0.09541615147792804,29.0001569692642,29.0001569692642,1,46,[75],300,202,line_perpendicular_3
Class2,P2,Class2_example_0197,,,,,0,53,[],300,202,line_perpendicular_3
Class2,P2,Class2_example_0198,,,,,0,44,[],300,202,line_perpendicular_3
Class2,P2,Class2_example_0199,,,,,0,55,[],300,202,line_perpendicular_3
Class2,P2,Class2_example_0200,0.0,0.0,0.0,0.0,1,58,[58],300,202,line_perpendicular_3
Class2,P2,Class2_example_0201,1.0,0.004503272029706129,1.0000101396780803,1.0000101396780803,1,72,[73],300,202,line_perpendicular_3
Class2,P2,Class2_example_0202,17.0,0.05147397648841928,17.000081620008423,4.000046709862058,2,71,"[41, 75]",300,202,line_perpendicular_3
Class2,P2,Class2_example_0203,,,,,0,57,[],300,202,line_perpendicular_3
Class2,P2,Class2_example_0204,4.0,0.008849555300237899,4.000009789316648,4.000009789316648,1,51,[55],300,202,line_perpendicular_3
Class2,P2,Class2_example_0205,0.0,0.0,0.0,0.0,1,60,[60],300,202,line_perpendicular_3
Class2,P2,Class2_example_0206,1.0,0.00014249783278963424,1.0000000101528161,1.0000000101528161,1,56,[57],300,202,line_perpendicular_3
Class2,P2,Class2_example_0207,,,,,0,58,[],300,202,line_perpendicular_3
Class2,P2,Class2_example_0208,,,,,0,58,[],300,202,line_perpendicular_3
Class2,P2,Class2_example_0209,,,,,0,56,[],300,202,line_perpendicular_3
Class2,P2,Class2_example_0210,,,,,0,52,[],300,202,line_perpendicular_3
Class2,P2,Class2_example_0211,3.0,0.011425761798339651,3.000021757926544,3.000021757926544,1,66,[69],300,202,line_perpendicular_3
Class2,P2,Class2_example_0212,,,,,0,53,[],300,202,line_perpendicular_3
Class2,P2,Class2_example_0213,2.0,0.014025472293597852,2.000049177863649,2.000049177863649,1,58,[60],300,202,line_perpendicular_3
Class2,P2,Class2_example_0214,0.0,0.0,0.0,0.0,1,61,[61],300,202,line_perpendicular_3
Class2,P2,Class2_example_0215,0.0,0.0,0.0,0.0,1,56,[56],300,202,line_perpendicular_3
Class2,P2,Class2_example_0216,,,,,0,59,[],300,202,line_perpendicular_3
Class2,P2,Class2_example_0217,,,,,0,56,[],300,202,line_perpendicular_3
Class2,P2,Class2_example_0218,3.0,0.02223222836143679,3.0000823775319763,3.0000823775319763,1,57,[60],300,202,line_perpendicular_3
Class2,P2,Class2_example_0219,18.0,0.009985990928413013,18.000002770000197,18.000002770000197,1,58,[40],300,202,line_perpendicular_3
Class2,P2,Class2_example_0220,3.0,0.01976342184342539,3.0000650981008663,3.0000650981008663,1,59,[62],300,202,line_perpendicular_3
Class2,P2,Class2_example_0221,2.0,0.006363792690671777,2.0000101244387265,2.0000101244387265,1,59,[57],300,202,line_perpendicular_3
Class2,P2,Class2_example_0222,1.0,0.001325381191791708,1.000000878317266,1.000000878317266,1,67,[66],300,202,line_perpendicular_3
Class2,P2,Class2_example_0223,4.0,0.014013456454635809,4.000024547044906,4.000024547044906,1,69,[73],300,202,line_perpendicular_3
Class2,P2,Class2_example_0224,21.0,0.010336207411630216,21.000002543742312,21.000002543742312,1,62,[41],300,202,line_perpendicular_3
Class2,P2,Class2_example_0225,1.0,0.006870291553023655,1.0000236001745277,1.0000236001745277,1,63,[62],300,202,line_perpendicular_3
Class2,P2,Class2_example_0226,21.0,0.01295271375257856,21.000003994589942,21.000003994589942,1,60,[39],300,202,line_perpendicular_3
Class2,P2,Class2_example_0227,31.0,0.08577063256827056,31.00011865463439,31.00011865463439,1,46,[77],300,202,line_perpendicular_3
Class2,P2,Class2_example_0228,30.0,0.022782912630444074,30.000008651017218,30.000008651017218,1,52,[82],300,202,line_perpendicular_3
Class2,P2,Class2_example_0229,29.0,0.0688456623449838,29.000081719285273,29.000081719285273,1,40,[69],300,202,line_perpendicular_3
Class2,P2,Class2_example_0230,26.0,0.07992868347153881,26.000122857295146,26.000122857295146,1,46,[72],300,202,line_perpendicular_3
Class2,P2,Class2_example_0231,26.0,0.06977813863986948,26.00009363422817,26.00009363422817,1,45,[71],300,202,line_perpendicular_3
Class2,P2,Class2_example_0232,27.0,0.14815477129033483,27.000406475389518,27.000406475389518,1,46,[73],300,202,line_perpendicular_3
Class2,P2,Class2_example_0233,23.0,0.08488910050640242,23.000156655105304,23.000156655105304,1,46,[69],300,202,line_perpendicular_3
Class2,P2,Class2_example_0234,,,,,0,50,[],300,202,line_perpendicular_3
Class2,P2,Class2_example_0235,2.0,0.0035075880849396723,2.000003075791178,2.000003075791178,1,76,[78],300,202,line_perpendicular_3
Class2,P2,Class2_example_0236,1.0,0.0013706485910652821,1.000000939338339,1.000000939338339,1,81,[82],300,202,line_perpendicular_3
Class2,P2,Class2_example_0237,21.0,0.02924002301571732,21.00003038939366,3.000036262417681,2,79,"[40, 82]",300,202,line_perpendicular_3
Class2,P2,Class2_example_0238,0.0,0.0,0.0,0.0,1,81,[81],300,202,line_perpendicular_3
Class2,P2,Class2_example_0239,2.0,0.004516501567295772,2.0000050996901,2.0000050996901,1,79,[81],300,202,line_perpendicular_3
Class2,P2,Class2_example_0240,0.0,0.0,0.0,0.0,1,61,[61],300,202,line_perpendicular_3
Class2,P2,Class2_example_0241,,,,,0,57,[],300,202,line_perpendicular_3
Class2,P2,Class2_example_0242,,,,,0,62,[],300,202,line_perpendicular_3
Class2,P2,Class2_example_0243,1.0,0.006264442844685747,1.000019621429577,1.000019621429577,1,65,[66],300,202,line_perpendicular_3
Class2,P2,Class2_example_0244,,,,,0,51,[],300,202,line_perpendicular_3
Class2,P2,Class2_example_0245,,,,,0,57,[],300,202,line_perpendicular_3
Class2,P2,Class2_example_0246,1.0,0.004080538114421106,1.000008325360996,1.000008325360996,1,67,[66],300,202,line_perpendicular_3
Class2,P2,Class2_example_0247,0.0,0.0,0.0,0.0,1,64,[64],300,202,line_perpendicular_3
Class2,P2,Class2_example_0248,0.0,0.0,0.0,0.0,1,65,[65],300,202,line_perpendicular_3
Class2,P2,Class2_example_0249,1.0,0.0037743180549578703,1.0000071227130234,1.0000071227130234,1,63,[64],300,202,line_perpendicular_3
Class2,P2,Class2_example_0250,1.0,0.006086495359149846,1.0000185225413363,1.0000185225413363,1,62,[61],300,202,line_perpendicular_3
Class2,P2,Class2_example_0251,1.0,0.0041174848996040625,1.000008476805021,1.000008476805021,1,67,[68],300,202,line_perpendicular_3
Class2,P2,Class2_example_0252,0.0,0.0,0.0,0.0,1,73,[73],300,202,line_perpendicular_3
Class2,P2,Class2_example_0253,1.0,0.0029085674324672572,1.0000042298733087,1.0000042298733087,1,68,[69],300,202,line_perpendicular_3
Class2,P2,Class2_example_0254,3.0,0.018087388920156044,3.000054525110827,3.000054525110827,1,68,[71],300,202,line_perpendicular_3
Class2,P2,Class2_example_0255,3.0,0.019708452268635046,3.0000647364833357,3.0000647364833357,1,52,[55],300,202,line_perpendicular_3
Class2,P2,Class2_example_0256,0.0,0.0,0.0,0.0,1,62,[62],300,202,line_perpendicular_3
Class2,P2,Class2_example_0257,1.0,0.005667620805548057,1.0000160608338224,1.0000160608338224,1,54,[55],300,202,line_perpendicular_3
Class2,P2,Class2_example_0258,,,,,0,50,[],300,202,line_perpendicular_3
Class2,P2,Class2_example_0259,17.0,0.03177522506910185,17.00003012254781,1.0000049801371336,2,47,"[48, 80]",300,202,line_perpendicular_3
Class2,P2,Class2_example_0260,,,,,0,52,[],300,202,line_perpendicular_3
Class2,P2,Class2_example_0261,,,,,0,49,[],300,202,line_perpendicular_3
Class2,P2,Class2_example_0262,19.0,0.0013051948999784901,19.000000044829836,19.000000044829836,1,59,[40],300,202,line_perpendicular_3
Class2,P2,Class2_example_0263,1.0,0.0026186319083327803,1.000003428610658,1.000003428610658,1,63,[64],300,202,line_perpendicular_3
Class2,P2,Class2_example_0264,1.0,0.0041801372590161145,1.0000087367355868,1.0000087367355868,1,59,[60],300,202,line_perpendicular_3
Class2,P2,Class2_example_0265,,,,,0,55,[],300,202,line_perpendicular_3
Class2,P2,Class2_example_0266,,,,,0,51,[],300,202,line_perpendicular_3
Class2,P2,Class2_example_0267,,,,,0,54,[],300,202,line_perpendicular_3
Class2,P2,Class2_example_0268,,,,,0,49,[],300,202,line_perpendicular_3
Class2,P2,Class2_example_0269,1.0,0.006355379449640264,1.000020195220051,1.000020195220051,1,56,[57],300,202,line_perpendicular_3
Class2,P2,Class2_example_0270,21.0,0.018380605809180106,21.00000804396679,21.00000804396679,1,60,[39],300,202,line_perpendicular_3
Class2,P2,Class2_example_0271,,,,,0,58,[],300,202,line_perpendicular_3
Class2,P2,Class2_example_0272,,,,,0,61,[],300,202,line_perpendicular_3
Class2,P2,Class2_example_0273,1.0,0.004848607960814322,1.0000117544304954,1.0000117544304954,1,56,[57],300,202,line_perpendicular_3
Class2,P2,Class2_example_0274,1.0,0.00014972645469502055,1.0000000112090055,1.0000000112090055,1,57,[56],300,202,line_perpendicular_3
Class2,P2,Class2_example_0275,0.0,0.0,0.0,0.0,1,64,[64],300,202,line_perpendicular_3
Class2,P2,Class2_example_0276,0.0,0.0,0.0,0.0,1,65,[65],300,202,line_perpendicular_3
Class2,P2,Class2_example_0277,1.0,0.006885809055832248,1.000023706902168,1.000023706902168,1,53,[54],300,202,line_perpendicular_3
Class2,P2,Class2_example_0278,0.0,0.0,0.0,0.0,1,61,[61],300,202,line_perpendicular_3
Class2,P2,Class2_example_0279,4.0,0.019767734830203998,4.000048845119309,4.000048845119309,1,55,[59],300,202,line_perpendicular_3
Class2,P2,Class2_example_0280,1.0,0.006391064587228157,1.000020422644737,1.000020422644737,1,64,[65],300,202,line_perpendicular_3
Class2,P2,Class2_example_0281,1.0,0.0034093934192274133,1.000005811964854,1.000005811964854,1,62,[61],300,202,line_perpendicular_3
Class2,P2,Class2_example_0282,,,,,0,65,[],300,202,line_perpendicular_3
Class2,P2,Class2_example_0283,,,,,0,59,[],300,202,line_perpendicular_3
Class2,P2,Class2_example_0284,0.0,0.0,0.0,0.0,1,69,[69],300,202,line_perpendicular_3
Class2,P2,Class2_example_0285,,,,,0,58,[],300,202,line_perpendicular_3
Class2,P2,Class2_example_0286,6.0,0.03518801602089727,6.000103182152078,6.000103182152078,1,50,[56],300,202,line_perpendicular_3
Class2,P2,Class2_example_0287,18.0,3.139890309056259e-05,18.000000000027384,18.000000000027384,1,59,[41],300,202,line_perpendicular_3
Class2,P2,Class2_example_0288,,,,,0,59,[],300,202,line_perpendicular_3
Class2,P2,Class2_example_0289,17.5,0.024139841949913587,17.50001664947692,0.0,2,77,"[42, 77]",300,202,line_perpendicular_3
Class2,P2,Class2_example_0290,3.0,0.018331365062726035,3.000056005968066,3.000056005968066,1,62,[65],300,202,line_perpendicular_3
Class2,P2,Class2_example_0291,,,,,0,51,[],300,202,line_perpendicular_3
Class2,P2,Class2_example_0292,16.0,0.016600522279724472,16.000011520533,3.0000127221951027,2,51,"[54, 80]",300,202,line_perpendicular_3
Class2,P2,Class2_example_0293,0.0,0.0,0.0,0.0,1,68,[68],300,202,line_perpendicular_3
Class2,P2,Class2_example_0294,1.0,0.0012369496974455885,1.0000007650219844,1.0000007650219844,1,63,[62],300,202,line_perpendicular_3
Class2,P2,Class2_example_0295,1.0,0.0013669674512097885,1.00000093429957,1.00000093429957,1,54,[53],300,202,line_perpendicular_3
Class2,P2,Class2_example_0296,1.0,0.00010851299234926337,1.0000000058875347,1.0000000058875347,1,58,[57],300,202,line_perpendicular_3
Class2,P2,Class2_example_0297,,,,,0,55,[],300,202,line_perpendicular_3
Class2,P2,Class2_example_0298,,,,,0,57,[],300,202,line_perpendicular_3
Class2,P2,Class2_example_0299,2.0,4.6164500172696243e-05,2.0000000005327903,2.0000000005327903,1,55,[57],300,202,line_perpendicular_3
Class2,P2,Class2_example_0300,1.0,0.0036555097997973407,1.000006681353628,1.000006681353628,1,55,[54],300,202,line_perpendicular_3
Class3,P2,Class3_example_0001,,,,,0,54,[],300,157,line_perpendicular_3
Class3,P2,Class3_example_0002,,,,,0,56,[],300,157,line_perpendicular_3
Class3,P2,Class3_example_0003,1.0,0.003742692481521148,1.0000070038489786,1.0000070038489786,1,63,[62],300,157,line_perpendicular_3
Class3,P2,Class3_example_0004,2.0,0.004153250630989369,2.000004312368052,2.000004312368052,1,65,[63],300,157,line_perpendicular_3
Class3,P2,Class3_example_0005,1.0,0.003629745736237755,1.0000065875053572,1.0000065875053572,1,63,[62],300,157,line_perpendicular_3
Class3,P2,Class3_example_0006,3.0,0.005054294936768788,3.00000425764653,3.00000425764653,1,63,[66],300,157,line_perpendicular_3
Class3,P2,Class3_example_0007,,,,,0,51,[],300,157,line_perpendicular_3
Class3,P2,Class3_example_0008,,,,,0,57,[],300,157,line_perpendicular_3
Class3,P2,Class3_example_0009,,,,,0,56,[],300,157,line_perpendicular_3
Class3,P2,Class3_example_0010,25.0,0.10729241533277378,25.000230232187622,25.000230232187622,1,43,[68],300,157,line_perpendicular_3
Class3,P2,Class3_example_0011,20.0,0.10965836767945658,20.00030062168072,20.00030062168072,1,46,[66],300,157,line_perpendicular_3
Class3,P2,Class3_example_0012,,,,,0,50,[],300,157,line_perpendicular_3
Class3,P2,Class3_example_0013,23.0,0.2210641062977532,23.001062352402187,23.001062352402187,1,47,[70],300,157,line_perpendicular_3
Class3,P2,Class3_example_0014,25.0,0.04558285725822264,25.00004155590298,25.00004155590298,1,51,[76],300,157,line_perpendicular_3
Class3,P2,Class3_example_0015,,,,,0,35,[],300,157,line_perpendicular_3
Class3,P2,Class3_example_0016,,,,,0,57,[],300,157,line_perpendicular_3
Class3,P2,Class3_example_0017,19.0,0.05899179315424108,19.000091579559808,19.000091579559808,1,55,[74],300,157,line_perpendicular_3
Class3,P2,Class3_example_0018,26.0,0.17637080733005017,26.000598198150715,26.000598198150715,1,50,[76],300,157,line_perpendicular_3
Class3,P2,Class3_example_0019,3.0,0.009172195323372656,3.0000140214950743,3.0000140214950743,1,80,[77],300,157,line_perpendicular_3
Class3,P2,Class3_example_0020,3.0,0.008592715184687405,3.0000123057671355,3.0000123057671355,1,78,[75],300,157,line_perpendicular_3
Class3,P2,Class3_example_0021,2.0,0.004982240768197532,2.0000062056711405,2.0000062056711405,1,60,[58],300,157,line_perpendicular_3
Class3,P2,Class3_example_0022,,,,,0,61,[],300,157,line_perpendicular_3
Class3,P2,Class3_example_0023,1.0,0.002180851892034208,1.0000023780546599,1.0000023780546599,1,57,[56],300,157,line_perpendicular_3
Class3,P2,Class3_example_0024,,,,,0,54,[],300,157,line_perpendicular_3
Class3,P2,Class3_example_0025,,,,,0,55,[],300,157,line_perpendicular_3
Class3,P2,Class3_example_0026,2.0,0.003764212688626478,2.000003542321154,2.000003542321154,1,65,[63],300,157,line_perpendicular_3
Class3,P2,Class3_example_0027,2.0,0.00663778315796526,2.0000110150109807,2.0000110150109807,1,62,[60],300,157,line_perpendicular_3
Class3,P2,Class3_example_0028,1.0,0.0016783185875272055,1.000001408375649,1.000001408375649,1,66,[65],300,157,line_perpendicular_3
Class3,P2,Class3_example_0029,,,,,0,63,[],300,157,line_perpendicular_3
Class3,P2,Class3_example_0030,1.0,0.003754677864355016,1.0000070487780899,1.0000070487780899,1,63,[62],300,157,line_perpendicular_3
Class3,P2,Class3_example_0031,,,,,0,62,[],300,157,line_perpendicular_3
Class3,P2,Class3_example_0032,,,,,0,65,[],300,157,line_perpendicular_3
Class3,P2,Class3_example_0033,,,,,0,59,[],300,157,line_perpendicular_3
Class3,P2,Class3_example_0034,2.0,0.001353975705335131,2.0000004583125,2.0000004583125,1,60,[58],300,157,line_perpendicular_3
Class3,P2,Class3_example_0035,,,,,0,61,[],300,157,line_perpendicular_3
Class3,P2,Class3_example_0036,,,,,0,57,[],300,157,line_perpendicular_3
Class3,P2,Class3_example_0037,,,,,0,48,[],300,157,line_perpendicular_3
Class3,P2,Class3_example_0038,,,,,0,52,[],300,157,line_perpendicular_3
Class3,P2,Class3_example_0039,,,,,0,53,[],300,157,line_perpendicular_3
Class3,P2,Class3_example_0040,,,,,0,54,[],300,157,line_perpendicular_3
Class3,P2,Class3_example_0041,1.0,0.0019837336068267986,1.0000019675975758,1.0000019675975758,1,62,[61],300,157,line_perpendicular_3
Class3,P2,Class3_example_0042,,,,,0,53,[],300,157,line_perpendicular_3
Class3,P2,Class3_example_0043,33.0,0.19927941496317036,33.00060169580591,33.00060169580591,1,44,[77],300,157,line_perpendicular_3
Class3,P2,Class3_example_0044,,,,,0,49,[],300,157,line_perpendicular_3
Class3,P2,Class3_example_0045,,,,,0,58,[],300,157,line_perpendicular_3
Class3,P2,Class3_example_0046,2.0,0.005397821821322757,2.000007284106839,2.000007284106839,1,68,[66],300,157,line_perpendicular_3
Class3,P2,Class3_example_0047,5.0,0.0002358523797352241,5.000000005562635,5.000000005562635,1,63,[58],300,157,line_perpendicular_3
Class3,P2,Class3_example_0048,1.0,0.0012519228836335161,1.0000007836551463,1.0000007836551463,1,70,[69],300,157,line_perpendicular_3
Class3,P2,Class3_example_0049,4.0,0.0013257675250673007,4.000000219707435,4.000000219707435,1,73,[69],300,157,line_perpendicular_3
Class3,P2,Class3_example_0050,5.0,0.007695174931724669,5.000005921568216,5.000005921568216,1,69,[64],300,157,line_perpendicular_3
Class3,P2,Class3_example_0051,3.0,0.008968875692123457,3.000013406758573,3.000013406758573,1,66,[63],300,157,line_perpendicular_3
Class3,P2,Class3_example_0052,3.0,0.004516270301586411,3.000003399447647,3.000003399447647,1,67,[64],300,157,line_perpendicular_3
Class3,P2,Class3_example_0053,5.0,0.006275808281738904,5.000003938575408,5.000003938575408,1,70,[65],300,157,line_perpendicular_3
Class3,P2,Class3_example_0054,6.0,0.006375446809820273,6.000003387192546,6.000003387192546,1,70,[64],300,157,line_perpendicular_3
Class3,P2,Class3_example_0055,2.0,0.00098521501241855,2.0000002426621406,2.0000002426621406,1,66,[64],300,157,line_perpendicular_3
Class3,P2,Class3_example_0056,13.0,0.04660211642085077,13.00008352885684,13.00008352885684,1,52,[65],300,157,line_perpendicular_3
Class3,P2,Class3_example_0057,,,,,0,61,[],300,157,line_perpendicular_3
Class3,P2,Class3_example_0058,,,,,0,60,[],300,157,line_perpendicular_3
Class3,P2,Class3_example_0059,,,,,0,52,[],300,157,line_perpendicular_3
Class3,P2,Class3_example_0060,,,,,0,52,[],300,157,line_perpendicular_3
Class3,P2,Class3_example_0061,,,,,0,52,[],300,157,line_perpendicular_3
Class3,P2,Class3_example_0062,,,,,0,63,[],300,157,line_perpendicular_3
Class3,P2,Class3_example_0063,2.0,0.00027779300162822373,2.000000019292238,2.000000019292238,1,67,[65],300,157,line_perpendicular_3
Class3,P2,Class3_example_0064,2.0,0.0014261746385418883,2.0000005084934602,2.0000005084934602,1,59,[57],300,157,line_perpendicular_3
Class3,P2,Class3_example_0065,,,,,0,52,[],300,157,line_perpendicular_3
Class3,P2,Class3_example_0066,3.0,0.011015984731007955,3.0000202252517556,3.0000202252517556,1,60,[57],300,157,line_perpendicular_3
Class3,P2,Class3_example_0067,,,,,0,60,[],300,157,line_perpendicular_3
Class3,P2,Class3_example_0068,6.0,0.012706487287894364,6.000013454553181,6.000013454553181,1,69,[63],300,157,line_perpendicular_3
Class3,P2,Class3_example_0069,,,,,0,71,[],300,157,line_perpendicular_3
Class3,P2,Class3_example_0070,,,,,0,65,[],300,157,line_perpendicular_3
Class3,P2,Class3_example_0071,,,,,0,62,[],300,157,line_perpendicular_3
Class3,P2,Class3_example_0072,,,,,0,63,[],300,157,line_perpendicular_3
Class3,P2,Class3_example_0073,,,,,0,64,[],300,157,line_perpendicular_3
Class3,P2,Class3_example_0074,7.0,0.0013785194172150073,7.00000013573684,7.00000013573684,1,78,[71],300,157,line_perpendicular_3
Class3,P2,Class3_example_0075,4.0,0.0001607168201527287,4.000000003228736,4.000000003228736,1,73,[69],300,157,line_perpendicular_3
Class3,P2,Class3_example_0076,,,,,0,53,[],300,157,line_perpendicular_3
Class3,P2,Class3_example_0077,2.0,0.0027280647945611136,2.0000018605835153,2.0000018605835153,1,62,[60],300,157,line_perpendicular_3
Class3,P2,Class3_example_0078,,,,,0,49,[],300,157,line_perpendicular_3
Class3,P2,Class3_example_0079,,,,,0,52,[],300,157,line_perpendicular_3
Class3,P2,Class3_example_0080,1.0,0.004490377590045114,1.0000100816946302,1.0000100816946302,1,59,[58],300,157,line_perpendicular_3
Class3,P2,Class3_example_0081,4.0,0.010073541659415985,4.000012684510083,4.000012684510083,1,68,[64],300,157,line_perpendicular_3
Class3,P2,Class3_example_0082,4.0,0.0004439119752398524,4.00000002463223,4.00000002463223,1,70,[66],300,157,line_perpendicular_3
Class3,P2,Class3_example_0083,3.0,0.011132308149344183,3.0000206546430195,3.0000206546430195,1,65,[62],300,157,line_perpendicular_3
Class3,P2,Class3_example_0084,4.0,0.01186646195457619,4.000017601576188,4.000017601576188,1,67,[63],300,157,line_perpendicular_3
Class3,P2,Class3_example_0085,2.0,0.003317253831244038,2.000002751041353,2.000002751041353,1,63,[61],300,157,line_perpendicular_3
Class3,P2,Class3_example_0086,3.0,0.00853250881993095,3.0000121339265884,3.0000121339265884,1,58,[55],300,157,line_perpendicular_3
Class3,P2,Class3_example_0087,4.0,0.009382392631934966,4.000011003646303,4.000011003646303,1,62,[58],300,157,line_perpendicular_3
Class3,P2,Class3_example_0088,3.0,0.0022581861977747364,3.000000849900697,3.000000849900697,1,65,[62],300,157,line_perpendicular_3
Class3,P2,Class3_example_0089,2.0,0.002970616944895643,2.0000022061400418,2.0000022061400418,1,64,[62],300,157,line_perpendicular_3
Class3,P2,Class3_example_0090,3.0,0.0031154556214942897,3.000001617676852,3.000001617676852,1,70,[67],300,157,line_perpendicular_3
Class3,P2,Class3_example_0091,0.0,0.0,0.0,0.0,1,51,[51],300,157,line_perpendicular_3
Class3,P2,Class3_example_0092,6.0,0.026155871008499698,6.000057010528168,6.000057010528168,1,55,[61],300,157,line_perpendicular_3
Class3,P2,Class3_example_0093,15.0,0.01598682512070515,15.000008519283496,15.000008519283496,1,55,[70],300,157,line_perpendicular_3
Class3,P2,Class3_example_0094,2.0,0.009622280909592384,2.000023146938531,2.000023146938531,1,57,[55],300,157,line_perpendicular_3
Class3,P2,Class3_example_0095,18.0,0.03680814700000312,18.000037634396367,18.000037634396367,1,58,[76],300,157,line_perpendicular_3
Class3,P2,Class3_example_0096,,,,,0,48,[],300,157,line_perpendicular_3
Class3,P2,Class3_example_0097,9.0,0.050219989622665495,9.000140112651453,9.000140112651453,1,54,[63],300,157,line_perpendicular_3
Class3,P2,Class3_example_0098,4.0,0.013684263438990873,4.000023407314746,4.000023407314746,1,57,[61],300,157,line_perpendicular_3
Class3,P2,Class3_example_0099,1.0,0.007464967528500899,1.0000278624819419,1.0000278624819419,1,51,[50],300,157,line_perpendicular_3
Class3,P2,Class3_example_0100,,,,,0,58,[],300,157,line_perpendicular_3
Class3,P2,Class3_example_0101,12.0,0.025536060417972628,12.00002717040181,12.00002717040181,1,54,[66],300,157,line_perpendicular_3
Class3,P2,Class3_example_0102,19.0,0.04330409480852959,19.000049348478733,19.000049348478733,1,56,[75],300,157,line_perpendicular_3
Class3,P2,Class3_example_0103,,,,,0,58,[],300,157,line_perpendicular_3
Class3,P2,Class3_example_0104,15.0,0.10755090832342229,15.000385568307276,15.000385568307276,1,54,[69],300,157,line_perpendicular_3
Class3,P2,Class3_example_0105,14.0,0.07056597647100227,14.00017784019315,14.00017784019315,1,54,[68],300,157,line_perpendicular_3
Class3,P2,Class3_example_0106,,,,,0,55,[],300,157,line_perpendicular_3
Class3,P2,Class3_example_0107,3.0,0.012060907552987277,3.0000242441505374,3.0000242441505374,1,62,[59],300,157,line_perpendicular_3
Class3,P2,Class3_example_0108,,,,,0,62,[],300,157,line_perpendicular_3
Class3,P2,Class3_example_0109,,,,,0,61,[],300,157,line_perpendicular_3
Class3,P2,Class3_example_0110,,,,,0,60,[],300,157,line_perpendicular_3
Class3,P2,Class3_example_0111,2.0,0.018962815763203356,2.0000898950751362,2.0000898950751362,1,42,[44],300,157,line_perpendicular_3
Class3,P2,Class3_example_0112,,,,,0,58,[],300,157,line_perpendicular_3
Class3,P2,Class3_example_0113,,,,,0,58,[],300,157,line_perpendicular_3
Class3,P2,Class3_example_0114,5.0,0.010727526158200718,5.000011507968504,5.000011507968504,1,54,[59],300,157,line_perpendicular_3
Class3,P2,Class3_example_0115,,,,,0,49,[],300,157,line_perpendicular_3
Class3,P2,Class3_example_0116,0.0,0.0,0.0,0.0,1,49,[49],300,157,line_perpendicular_3
Class3,P2,Class3_example_0117,,,,,0,42,[],300,157,line_perpendicular_3
Class3,P2,Class3_example_0118,1.0,0.0013405611809885754,1.0000008985517364,1.0000008985517364,1,55,[54],300,157,line_perpendicular_3
Class3,P2,Class3_example_0119,2.0,0.0028133583767158132,2.00000197874536,2.00000197874536,1,54,[56],300,157,line_perpendicular_3
Class3,P2,Class3_example_0120,2.0,3.404808728413311e-05,2.000000000289818,2.000000000289818,1,67,[65],300,157,line_perpendicular_3
Class3,P2,Class3_example_0121,0.0,0.0,0.0,0.0,1,61,[61],300,157,line_perpendicular_3
Class3,P2,Class3_example_0122,0.0,0.0,0.0,0.0,1,59,[59],300,157,line_perpendicular_3
Class3,P2,Class3_example_0123,1.0,0.00021182948676989888,1.0000000224358654,1.0000000224358654,1,66,[65],300,157,line_perpendicular_3
Class3,P2,Class3_example_0124,,,,,0,62,[],300,157,line_perpendicular_3
Class3,P2,Class3_example_0125,,,,,0,57,[],300,157,line_perpendicular_3
Class3,P2,Class3_example_0126,2.0,0.00010698980437862105,2.0000000028617047,2.0000000028617047,1,60,[58],300,157,line_perpendicular_3
Class3,P2,Class3_example_0127,,,,,0,51,[],300,157,line_perpendicular_3
Class3,P2,Class3_example_0128,,,,,0,46,[],300,157,line_perpendicular_3
Class3,P2,Class3_example_0129,,,,,0,58,[],300,157,line_perpendicular_3
Class3,P2,Class3_example_0130,,,,,0,58,[],300,157,line_perpendicular_3
Class3,P2,Class3_example_0131,3.0,0.0014454124779796906,3.0000003482028514,3.0000003482028514,1,61,[58],300,157,line_perpendicular_3
Class3,P2,Class3_example_0132,3.0,0.0045550929720006295,3.0000034581433375,3.0000034581433375,1,61,[58],300,157,line_perpendicular_3
Class3,P2,Class3_example_0133,4.0,0.002118505075596855,4.00000056100793,4.00000056100793,1,63,[67],300,157,line_perpendicular_3
Class3,P2,Class3_example_0134,,,,,0,57,[],300,157,line_perpendicular_3
Class3,P2,Class3_example_0135,2.0,0.006056411120443195,2.0000091700078926,2.0000091700078926,1,59,[57],300,157,line_perpendicular_3
Class3,P2,Class3_example_0136,3.0,0.0003630179298779179,3.0000000219636695,3.0000000219636695,1,68,[65],300,157,line_perpendicular_3
Class3,P2,Class3_example_0137,5.0,0.00981130841679756,5.000009626168018,5.000009626168018,1,61,[56],300,157,line_perpendicular_3
Class3,P2,Class3_example_0138,,,,,0,59,[],300,157,line_perpendicular_3
Class3,P2,Class3_example_0139,1.0,0.009290507170641615,1.000043155830531,1.000043155830531,1,42,[43],300,157,line_perpendicular_3
Class3,P2,Class3_example_0140,,,,,0,47,[],300,157,line_perpendicular_3
Class3,P2,Class3_example_0141,3.0,0.018027196491325337,3.0000541628132877,3.0000541628132877,1,51,[54],300,157,line_perpendicular_3
Class3,P2,Class3_example_0142,,,,,0,55,[],300,157,line_perpendicular_3
Class3,P2,Class3_example_0143,,,,,0,58,[],300,157,line_perpendicular_3
Class3,P2,Class3_example_0144,,,,,0,59,[],300,157,line_perpendicular_3
Class3,P2,Class3_example_0145,,,,,0,60,[],300,157,line_perpendicular_3
Class3,P2,Class3_example_0146,,,,,0,59,[],300,157,line_perpendicular_3
Class3,P2,Class3_example_0147,,,,,0,58,[],300,157,line_perpendicular_3
Class3,P2,Class3_example_0148,6.0,0.003249949928013085,6.000000880181147,6.000000880181147,1,60,[66],300,157,line_perpendicular_3
Class3,P2,Class3_example_0149,,,,,0,59,[],300,157,line_perpendicular_3
Class3,P2,Class3_example_0150,,,,,0,48,[],300,157,line_perpendicular_3
Class3,P2,Class3_example_0151,,,,,0,59,[],300,157,line_perpendicular_3
Class3,P2,Class3_example_0152,2.0,0.010990841532104723,2.0000301994213947,2.0000301994213947,1,60,[58],300,157,line_perpendicular_3
Class3,P2,Class3_example_0153,,,,,0,52,[],300,157,line_perpendicular_3
Class3,P2,Class3_example_0154,,,,,0,54,[],300,157,line_perpendicular_3
Class3,P2,Class3_example_0155,2.0,0.0036768980967273324,2.0000033798920476,2.0000033798920476,1,54,[52],300,157,line_perpendicular_3
Class3,P2,Class3_example_0156,2.0,0.00724748723976909,2.000013131474714,2.000013131474714,1,52,[50],300,157,line_perpendicular_3
Class3,P2,Class3_example_0157,6.0,0.0008843094243250471,6.00000006516693,6.00000006516693,1,57,[63],300,157,line_perpendicular_3
Class3,P2,Class3_example_0158,,,,,0,55,[],300,157,line_perpendicular_3
Class3,P2,Class3_example_0159,2.0,0.0042971606075403734,2.000004616391994,2.000004616391994,1,52,[54],300,157,line_perpendicular_3
Class3,P2,Class3_example_0160,,,,,0,58,[],300,157,line_perpendicular_3
Class3,P2,Class3_example_0161,9.0,0.055227992613745,9.000169450136378,9.000169450136378,1,45,[54],300,157,line_perpendicular_3
Class3,P2,Class3_example_0162,10.0,0.07018469393783688,10.000246291530182,10.000246291530182,1,48,[58],300,157,line_perpendicular_3
Class3,P2,Class3_example_0163,9.0,0.025628212797960237,9.000036489108876,9.000036489108876,1,60,[69],300,157,line_perpendicular_3
Class3,P2,Class3_example_0164,,,,,0,57,[],300,157,line_perpendicular_3
Class3,P2,Class3_example_0165,11.0,0.08468921154213793,11.000326007103228,11.000326007103228,1,45,[56],300,157,line_perpendicular_3
Class3,P2,Class3_example_0166,14.0,0.08205798079460258,14.000240480513614,14.000240480513614,1,61,[75],300,157,line_perpendicular_3
Class3,P2,Class3_example_0167,12.0,0.05352972374153919,12.000119392377888,12.000119392377888,1,55,[67],300,157,line_perpendicular_3
Class3,P2,Class3_example_0168,5.0,0.020900552644262715,5.000043683119262,5.000043683119262,1,47,[52],300,157,line_perpendicular_3
Class3,P2,Class3_example_0169,6.0,0.046063990918639,6.000176821666121,6.000176821666121,1,52,[58],300,157,line_perpendicular_3
Class3,P2,Class3_example_0170,8.0,0.031495507666533085,8.000061997697467,8.000061997697467,1,51,[59],300,157,line_perpendicular_3
Class3,P2,Class3_example_0171,4.0,0.0212524544552386,4.000056457954109,4.000056457954109,1,51,[55],300,157,line_perpendicular_3
Class3,P2,Class3_example_0172,4.0,0.03953330728961124,4.000195355527684,4.000195355527684,1,39,[43],300,157,line_perpendicular_3
Class3,P2,Class3_example_0173,3.0,0.00359967927650251,3.0000021596143718,3.0000021596143718,1,72,[69],300,157,line_perpendicular_3
Class3,P2,Class3_example_0174,1.0,0.004162508091046457,1.0000086631992786,1.0000086631992786,1,65,[64],300,157,line_perpendicular_3
Class3,P2,Class3_example_0175,,,,,0,66,[],300,157,line_perpendicular_3
Class3,P2,Class3_example_0176,7.0,0.012173259655872015,7.000010584867043,7.000010584867043,1,70,[63],300,157,line_perpendicular_3
Class3,P2,Class3_example_0177,3.0,0.005685074312428595,3.000005386673487,3.000005386673487,1,71,[68],300,157,line_perpendicular_3
Class3,P2,Class3_example_0178,3.0,0.011228725412846585,3.000021013972135,3.000021013972135,1,60,[63],300,157,line_perpendicular_3
Class3,P2,Class3_example_0179,0.0,0.0,0.0,0.0,1,65,[65],300,157,line_perpendicular_3
Class3,P2,Class3_example_0180,2.0,0.0034624575158410664,2.0000029971507667,2.0000029971507667,1,70,[68],300,157,line_perpendicular_3
Class3,P2,Class3_example_0181,1.0,0.005082015957818542,1.0000129133597202,1.0000129133597202,1,68,[67],300,157,line_perpendicular_3
Class3,P2,Class3_example_0182,,,,,0,52,[],300,157,line_perpendicular_3
Class3,P2,Class3_example_0183,,,,,0,48,[],300,157,line_perpendicular_3
Class3,P2,Class3_example_0184,,,,,0,59,[],300,157,line_perpendicular_3
Class3,P2,Class3_example_0185,,,,,0,53,[],300,157,line_perpendicular_3
Class3,P2,Class3_example_0186,,,,,0,53,[],300,157,line_perpendicular_3
Class3,P2,Class3_example_0187,,,,,0,57,[],300,157,line_perpendicular_3
Class3,P2,Class3_example_0188,,,,,0,66,[],300,157,line_perpendicular_3
Class3,P2,Class3_example_0189,6.0,0.030795063379215337,6.000079027473599,6.000079027473599,1,54,[60],300,157,line_perpendicular_3
Class3,P2,Class3_example_0190,,,,,0,55,[],300,157,line_perpendicular_3
Class3,P2,Class3_example_0191,,,,,0,46,[],300,157,line_perpendicular_3
Class3,P2,Class3_example_0192,,,,,0,44,[],300,157,line_perpendicular_3
Class3,P2,Class3_example_0193,27.0,0.029315897325514872,27.000015915214494,27.000015915214494,1,45,[72],300,157,line_perpendicular_3
Class3,P2,Class3_example_0194,,,,,0,48,[],300,157,line_perpendicular_3
Class3,P2,Class3_example_0195,,,,,0,48,[],300,157,line_perpendicular_3
Class3,P2,Class3_example_0196,,,,,0,47,[],300,157,line_perpendicular_3
Class3,P2,Class3_example_0197,,,,,0,50,[],300,157,line_perpendicular_3
Class3,P2,Class3_example_0198,,,,,0,48,[],300,157,line_perpendicular_3
Class3,P2,Class3_example_0199,,,,,0,47,[],300,157,line_perpendicular_3
Class3,P2,Class3_example_0200,,,,,0,48,[],300,157,line_perpendicular_3
Class3,P2,Class3_example_0201,14.0,0.048823410795812205,14.000085132792648,14.000085132792648,1,55,[69],300,157,line_perpendicular_3
Class3,P2,Class3_example_0202,,,,,0,58,[],300,157,line_perpendicular_3
Class3,P2,Class3_example_0203,,,,,0,54,[],300,157,line_perpendicular_3
Class3,P2,Class3_example_0204,,,,,0,59,[],300,157,line_perpendicular_3
Class3,P2,Class3_example_0205,,,,,0,62,[],300,157,line_perpendicular_3
Class3,P2,Class3_example_0206,,,,,0,54,[],300,157,line_perpendicular_3
Class3,P2,Class3_example_0207,,,,,0,58,[],300,157,line_perpendicular_3
Class3,P2,Class3_example_0208,,,,,0,59,[],300,157,line_perpendicular_3
Class3,P2,Class3_example_0209,,,,,0,60,[],300,157,line_perpendicular_3
Class3,P2,Class3_example_0210,9.0,0.09096930451299423,9.000459733500483,9.000459733500483,1,43,[52],300,157,line_perpendicular_3
Class3,P2,Class3_example_0211,,,,,0,58,[],300,157,line_perpendicular_3
Class3,P2,Class3_example_0212,6.0,0.02391798717793181,6.000047672319833,6.000047672319833,1,64,[70],300,157,line_perpendicular_3
Class3,P2,Class3_example_0213,1.0,0.0021663965157265874,1.0000023466341783,1.0000023466341783,1,60,[61],300,157,line_perpendicular_3
Class3,P2,Class3_example_0214,6.0,0.036200588152314195,6.000109205888054,6.000109205888054,1,52,[58],300,157,line_perpendicular_3
Class3,P2,Class3_example_0215,3.0,0.009198546537879992,3.0000141021765896,3.0000141021765896,1,60,[63],300,157,line_perpendicular_3
Class3,P2,Class3_example_0216,4.0,0.01925863084548829,4.000046361589081,4.000046361589081,1,57,[61],300,157,line_perpendicular_3
Class3,P2,Class3_example_0217,5.0,0.021886503186027362,5.000047901672714,5.000047901672714,1,57,[62],300,157,line_perpendicular_3
Class3,P2,Class3_example_0218,4.0,0.017729062474705293,4.000039289764069,4.000039289764069,1,61,[65],300,157,line_perpendicular_3
Class3,P2,Class3_example_0219,9.0,0.02947011344459871,9.000048249181026,9.000048249181026,1,59,[68],300,157,line_perpendicular_3
Class3,P2,Class3_example_0220,2.0,0.0023659081886874267,2.0000013993799,2.0000013993799,1,60,[62],300,157,line_perpendicular_3
Class3,P2,Class3_example_0221,7.0,0.006763763749843776,7.000003267749242,7.000003267749242,1,68,[61],300,157,line_perpendicular_3
Class3,P2,Class3_example_0222,6.0,0.001726032196335714,6.00000024826559,6.00000024826559,1,68,[62],300,157,line_perpendicular_3
Class3,P2,Class3_example_0223,,,,,0,59,[],300,157,line_perpendicular_3
Class3,P2,Class3_example_0224,5.0,0.022784730700306732,5.000051914125801,5.000051914125801,1,58,[63],300,157,line_perpendicular_3
Class3,P2,Class3_example_0225,1.0,0.006711775392994279,1.0000225237108042,1.0000225237108042,1,57,[58],300,157,line_perpendicular_3
Class3,P2,Class3_example_0226,7.0,0.014146126903637701,7.000014293764433,7.000014293764433,1,62,[55],300,157,line_perpendicular_3
Class3,P2,Class3_example_0227,,,,,0,65,[],300,157,line_perpendicular_3
Class3,P2,Class3_example_0228,,,,,0,58,[],300,157,line_perpendicular_3
Class3,P2,Class3_example_0229,2.0,0.00950842464505608,2.0000226024070904,2.0000226024070904,1,58,[56],300,157,line_perpendicular_3
Class3,P2,Class3_example_0230,23.0,0.1629356367361967,23.000577123666236,23.000577123666236,1,48,[71],300,157,line_perpendicular_3
Class3,P2,Class3_example_0231,,,,,0,55,[],300,157,line_perpendicular_3
Class3,P2,Class3_example_0232,,,,,0,57,[],300,157,line_perpendicular_3
Class3,P2,Class3_example_0233,1.0,0.0002506428004146466,1.000000031410906,1.000000031410906,1,57,[56],300,157,line_perpendicular_3
Class3,P2,Class3_example_0234,,,,,0,54,[],300,157,line_perpendicular_3
Class3,P2,Class3_example_0235,,,,,0,52,[],300,157,line_perpendicular_3
Class3,P2,Class3_example_0236,,,,,0,72,[],300,157,line_perpendicular_3
Class3,P2,Class3_example_0237,,,,,0,53,[],300,157,line_perpendicular_3
Class3,P2,Class3_example_0238,,,,,0,52,[],300,157,line_perpendicular_3
Class3,P2,Class3_example_0239,,,,,0,53,[],300,157,line_perpendicular_3
Class3,P2,Class3_example_0240,,,,,0,40,[],300,157,line_perpendicular_3
Class3,P2,Class3_example_0241,2.0,0.00887153359701598,2.000019675930305,2.000019675930305,1,57,[55],300,157,line_perpendicular_3
Class3,P2,Class3_example_0242,7.0,0.022822415757440706,7.000037204376917,7.000037204376917,1,53,[60],300,157,line_perpendicular_3
Class3,P2,Class3_example_0243,1.0,0.0039774383492143794,1.000007909976627,1.000007909976627,1,50,[49],300,157,line_perpendicular_3
Class3,P2,Class3_example_0244,2.0,0.0037060143649008115,2.0000034336326706,2.0000034336326706,1,52,[54],300,157,line_perpendicular_3
Class3,P2,Class3_example_0245,1.0,0.005881028413842415,1.0000172930980766,1.0000172930980766,1,50,[49],300,157,line_perpendicular_3
Class3,P2,Class3_example_0246,17.0,0.12636443541294617,17.00046963970517,17.00046963970517,1,46,[63],300,157,line_perpendicular_3
Class3,P2,Class3_example_0247,,,,,0,57,[],300,157,line_perpendicular_3
Class3,P2,Class3_example_0248,6.0,0.02545085104332767,6.000053978575429,6.000053978575429,1,51,[57],300,157,line_perpendicular_3
Class3,P2,Class3_example_0249,3.0,0.001418774771044462,3.0000003354869564,3.0000003354869564,1,69,[66],300,157,line_perpendicular_3
Class3,P2,Class3_example_0250,2.0,0.004318323683816239,2.000004661974426,2.000004661974426,1,59,[57],300,157,line_perpendicular_3
Class3,P2,Class3_example_0251,,,,,0,55,[],300,157,line_perpendicular_3
Class3,P2,Class3_example_0252,,,,,0,55,[],300,157,line_perpendicular_3
Class3,P2,Class3_example_0253,4.0,0.01330883644846792,4.000022140579675,4.000022140579675,1,62,[58],300,157,line_perpendicular_3
Class3,P2,Class3_example_0254,0.0,0.0,0.0,0.0,1,70,[70],300,157,line_perpendicular_3
Class3,P2,Class3_example_0255,,,,,0,64,[],300,157,line_perpendicular_3
Class3,P2,Class3_example_0256,4.0,0.01916519528672389,4.000045912825299,4.000045912825299,1,52,[48],300,157,line_perpendicular_3
Class3,P2,Class3_example_0257,,,,,0,58,[],300,157,line_perpendicular_3
Class3,P2,Class3_example_0258,,,,,0,56,[],300,157,line_perpendicular_3
Class3,P2,Class3_example_0259,3.0,0.010442750596186379,3.00001817511828,3.00001817511828,1,48,[51],300,157,line_perpendicular_3
Class3,P2,Class3_example_0260,2.0,0.0031850811759017716,2.000002536183916,2.000002536183916,1,52,[54],300,157,line_perpendicular_3
Class3,P2,Class3_example_0261,5.0,0.014438958080280395,5.000020848307579,5.000020848307579,1,78,[73],300,157,line_perpendicular_3
Class3,P2,Class3_example_0262,1.0,0.0008517530803381357,1.0000003627415892,1.0000003627415892,1,70,[71],300,157,line_perpendicular_3
Class3,P2,Class3_example_0263,,,,,0,63,[],300,157,line_perpendicular_3
Class3,P2,Class3_example_0264,15.0,0.02476034228833557,15.000020435804421,15.000020435804421,1,62,[77],300,157,line_perpendicular_3
Class3,P2,Class3_example_0265,,,,,0,55,[],300,157,line_perpendicular_3
Class3,P2,Class3_example_0266,3.0,0.004677632865239256,3.000003646705987,3.000003646705987,1,62,[59],300,157,line_perpendicular_3
Class3,P2,Class3_example_0267,3.0,0.0026338369436189613,3.000001156182618,3.000001156182618,1,59,[56],300,157,line_perpendicular_3
Class3,P2,Class3_example_0268,1.0,0.0003335178251580029,1.0000000556170683,1.0000000556170683,1,60,[59],300,157,line_perpendicular_3
Class3,P2,Class3_example_0269,2.0,0.002267231244241885,2.000001285083966,2.000001285083966,1,54,[56],300,157,line_perpendicular_3
Class3,P2,Class3_example_0270,,,,,0,46,[],300,157,line_perpendicular_3
Class3,P2,Class3_example_0271,,,,,0,58,[],300,157,line_perpendicular_3
Class3,P2,Class3_example_0272,,,,,0,53,[],300,157,line_perpendicular_3
Class3,P2,Class3_example_0273,2.0,0.01025912975300336,2.0000263122627384,2.0000263122627384,1,59,[57],300,157,line_perpendicular_3
Class3,P2,Class3_example_0274,3.0,0.013813284952181148,3.0000318009716445,3.0000318009716445,1,52,[55],300,157,line_perpendicular_3
Class3,P2,Class3_example_0275,1.0,0.003944258013046431,1.0000077785553838,1.0000077785553838,1,51,[52],300,157,line_perpendicular_3
Class3,P2,Class3_example_0276,2.0,0.0038781186195108175,2.0000037599474725,2.0000037599474725,1,67,[65],300,157,line_perpendicular_3
Class3,P2,Class3_example_0277,2.0,0.0048281072606821684,2.0000058276464396,2.0000058276464396,1,67,[65],300,157,line_perpendicular_3
Class3,P2,Class3_example_0278,,,,,0,66,[],300,157,line_perpendicular_3
Class3,P2,Class3_example_0279,3.0,0.010097774808949023,3.0000169941278823,3.0000169941278823,1,64,[61],300,157,line_perpendicular_3
Class3,P2,Class3_example_0280,,,,,0,55,[],300,157,line_perpendicular_3
Class3,P2,Class3_example_0281,,,,,0,53,[],300,157,line_perpendicular_3
Class3,P2,Class3_example_0282,,,,,0,54,[],300,157,line_perpendicular_3
Class3,P2,Class3_example_0283,,,,,0,52,[],300,157,line_perpendicular_3
Class3,P2,Class3_example_0284,,,,,0,55,[],300,157,line_perpendicular_3
Class3,P2,Class3_example_0285,2.0,0.006343052832018858,2.0000100585545137,2.0000100585545137,1,68,[66],300,157,line_perpendicular_3
Class3,P2,Class3_example_0286,,,,,0,66,[],300,157,line_perpendicular_3
Class3,P2,Class3_example_0287,,,,,0,61,[],300,157,line_perpendicular_3
Class3,P2,Class3_example_0288,,,,,0,67,[],300,157,line_perpendicular_3
Class3,P2,Class3_example_0289,,,,,0,60,[],300,157,line_perpendicular_3
Class3,P2,Class3_example_0290,,,,,0,69,[],300,157,line_perpendicular_3
Class3,P2,Class3_example_0291,,,,,0,64,[],300,157,line_perpendicular_3
Class3,P2,Class3_example_0292,,,,,0,59,[],300,157,line_perpendicular_3
Class3,P2,Class3_example_0293,,,,,0,55,[],300,157,line_perpendicular_3
Class3,P2,Class3_example_0294,5.0,0.022101294005400507,5.000048846481073,5.000048846481073,1,49,[54],300,157,line_perpendicular_3
Class3,P2,Class3_example_0295,,,,,0,55,[],300,157,line_perpendicular_3
Class3,P2,Class3_example_0296,,,,,0,64,[],300,157,line_perpendicular_3
Class3,P2,Class3_example_0297,,,,,0,63,[],300,157,line_perpendicular_3
Class3,P2,Class3_example_0298,,,,,0,58,[],300,157,line_perpendicular_3
Class3,P2,Class3_example_0299,,,,,0,51,[],300,157,line_perpendicular_3
Class3,P2,Class3_example_0300,5.0,0.017071672516386305,5.000029144115313,5.000029144115313,1,48,[53],300,157,line_perpendicular_3
Class4,P2,Class4_example_0001,,,,,0,60,[],100,4,line_perpendicular_3
Class4,P2,Class4_example_0002,,,,,0,55,[],100,4,line_perpendicular_3
Class4,P2,Class4_example_0003,,,,,0,61,[],100,4,line_perpendicular_3
Class4,P2,Class4_example_0004,,,,,0,60,[],100,4,line_perpendicular_3
Class4,P2,Class4_example_0005,,,,,0,60,[],100,4,line_perpendicular_3
Class4,P2,Class4_example_0006,,,,,0,58,[],100,4,line_perpendicular_3
Class4,P2,Class4_example_0007,,,,,0,67,[],100,4,line_perpendicular_3
Class4,P2,Class4_example_0008,,,,,0,57,[],100,4,line_perpendicular_3
Class4,P2,Class4_example_0009,,,,,0,53,[],100,4,line_perpendicular_3
Class4,P2,Class4_example_0010,,,,,0,60,[],100,4,line_perpendicular_3
Class4,P2,Class4_example_0011,,,,,0,55,[],100,4,line_perpendicular_3
Class4,P2,Class4_example_0012,,,,,0,58,[],100,4,line_perpendicular_3
Class4,P2,Class4_example_0013,,,,,0,58,[],100,4,line_perpendicular_3
Class4,P2,Class4_example_0014,,,,,0,60,[],100,4,line_perpendicular_3
Class4,P2,Class4_example_0015,,,,,0,58,[],100,4,line_perpendicular_3
Class4,P2,Class4_example_0016,,,,,0,64,[],100,4,line_perpendicular_3
Class4,P2,Class4_example_0017,,,,,0,59,[],100,4,line_perpendicular_3
Class4,P2,Class4_example_0018,,,,,0,60,[],100,4,line_perpendicular_3
Class4,P2,Class4_example_0019,,,,,0,60,[],100,4,line_perpendicular_3
Class4,P2,Class4_example_0020,,,,,0,63,[],100,4,line_perpendicular_3
Class4,P2,Class4_example_0021,,,,,0,61,[],100,4,line_perpendicular_3
Class4,P2,Class4_example_0022,,,,,0,58,[],100,4,line_perpendicular_3
Class4,P2,Class4_example_0023,,,,,0,65,[],100,4,line_perpendicular_3
Class4,P2,Class4_example_0024,,,,,0,55,[],100,4,line_perpendicular_3
Class4,P2,Class4_example_0025,,,,,0,55,[],100,4,line_perpendicular_3
Class4,P2,Class4_example_0026,,,,,0,57,[],100,4,line_perpendicular_3
Class4,P2,Class4_example_0027,,,,,0,60,[],100,4,line_perpendicular_3
Class4,P2,Class4_example_0028,,,,,0,68,[],100,4,line_perpendicular_3
Class4,P2,Class4_example_0029,,,,,0,68,[],100,4,line_perpendicular_3
Class4,P2,Class4_example_0030,,,,,0,60,[],100,4,line_perpendicular_3
Class4,P2,Class4_example_0031,,,,,0,62,[],100,4,line_perpendicular_3
Class4,P2,Class4_example_0032,,,,,0,61,[],100,4,line_perpendicular_3
Class4,P2,Class4_example_0033,,,,,0,65,[],100,4,line_perpendicular_3
Class4,P2,Class4_example_0034,,,,,0,60,[],100,4,line_perpendicular_3
Class4,P2,Class4_example_0035,,,,,0,57,[],100,4,line_perpendicular_3
Class4,P2,Class4_example_0036,,,,,0,60,[],100,4,line_perpendicular_3
Class4,P2,Class4_example_0037,,,,,0,61,[],100,4,line_perpendicular_3
Class4,P2,Class4_example_0038,,,,,0,55,[],100,4,line_perpendicular_3
Class4,P2,Class4_example_0039,,,,,0,64,[],100,4,line_perpendicular_3
Class4,P2,Class4_example_0040,,,,,0,64,[],100,4,line_perpendicular_3
Class4,P2,Class4_example_0041,,,,,0,61,[],100,4,line_perpendicular_3
Class4,P2,Class4_example_0042,,,,,0,64,[],100,4,line_perpendicular_3
Class4,P2,Class4_example_0043,,,,,0,63,[],100,4,line_perpendicular_3
Class4,P2,Class4_example_0044,,,,,0,63,[],100,4,line_perpendicular_3
Class4,P2,Class4_example_0045,,,,,0,59,[],100,4,line_perpendicular_3
Class4,P2,Class4_example_0046,,,,,0,60,[],100,4,line_perpendicular_3
Class4,P2,Class4_example_0047,,,,,0,63,[],100,4,line_perpendicular_3
Class4,P2,Class4_example_0048,,,,,0,65,[],100,4,line_perpendicular_3
Class4,P2,Class4_example_0049,,,,,0,63,[],100,4,line_perpendicular_3
Class4,P2,Class4_example_0050,,,,,0,62,[],100,4,line_perpendicular_3
Class4,P2,Class4_example_0051,,,,,0,69,[],100,4,line_perpendicular_3
Class4,P2,Class4_example_0052,,,,,0,60,[],100,4,line_perpendicular_3
Class4,P2,Class4_example_0053,,,,,0,59,[],100,4,line_perpendicular_3
Class4,P2,Class4_example_0054,,,,,0,60,[],100,4,line_perpendicular_3
Class4,P2,Class4_example_0055,,,,,0,57,[],100,4,line_perpendicular_3
Class4,P2,Class4_example_0056,,,,,0,61,[],100,4,line_perpendicular_3
Class4,P2,Class4_example_0057,,,,,0,63,[],100,4,line_perpendicular_3
Class4,P2,Class4_example_0058,3.0,0.007290671233378565,3.000008858968092,3.000008858968092,1,62,[59],100,4,line_perpendicular_3
Class4,P2,Class4_example_0059,,,,,0,61,[],100,4,line_perpendicular_3
Class4,P2,Class4_example_0060,,,,,0,65,[],100,4,line_perpendicular_3
Class4,P2,Class4_example_0061,1.0,0.0020173809201649018,1.000002034910818,1.000002034910818,1,67,[66],100,4,line_perpendicular_3
Class4,P2,Class4_example_0062,,,,,0,60,[],100,4,line_perpendicular_3
Class4,P2,Class4_example_0063,,,,,0,59,[],100,4,line_perpendicular_3
Class4,P2,Class4_example_0064,,,,,0,59,[],100,4,line_perpendicular_3
Class4,P2,Class4_example_0065,,,,,0,71,[],100,4,line_perpendicular_3
Class4,P2,Class4_example_0066,,,,,0,64,[],100,4,line_perpendicular_3
Class4,P2,Class4_example_0067,,,,,0,66,[],100,4,line_perpendicular_3
Class4,P2,Class4_example_0068,,,,,0,52,[],100,4,line_perpendicular_3
Class4,P2,Class4_example_0069,,,,,0,54,[],100,4,line_perpendicular_3
Class4,P2,Class4_example_0070,,,,,0,70,[],100,4,line_perpendicular_3
Class4,P2,Class4_example_0071,,,,,0,50,[],100,4,line_perpendicular_3
Class4,P2,Class4_example_0072,,,,,0,59,[],100,4,line_perpendicular_3
Class4,P2,Class4_example_0073,,,,,0,56,[],100,4,line_perpendicular_3
Class4,P2,Class4_example_0074,3.0,0.008164322345808106,3.0000111093393245,3.0000111093393245,1,58,[61],100,4,line_perpendicular_3
Class4,P2,Class4_example_0075,,,,,0,57,[],100,4,line_perpendicular_3
Class4,P2,Class4_example_0076,,,,,0,64,[],100,4,line_perpendicular_3
Class4,P2,Class4_example_0077,,,,,0,49,[],100,4,line_perpendicular_3
Class4,P2,Class4_example_0078,,,,,0,67,[],100,4,line_perpendicular_3
Class4,P2,Class4_example_0079,,,,,0,67,[],100,4,line_perpendicular_3
Class4,P2,Class4_example_0080,,,,,0,66,[],100,4,line_perpendicular_3
Class4,P2,Class4_example_0081,,,,,0,71,[],100,4,line_perpendicular_3
Class4,P2,Class4_example_0082,,,,,0,71,[],100,4,line_perpendicular_3
Class4,P2,Class4_example_0083,,,,,0,62,[],100,4,line_perpendicular_3
Class4,P2,Class4_example_0084,,,,,0,67,[],100,4,line_perpendicular_3
Class4,P2,Class4_example_0085,5.0,0.004442773509070297,5.000001973823256,5.000001973823256,1,66,[71],100,4,line_perpendicular_3
Class4,P2,Class4_example_0086,,,,,0,66,[],100,4,line_perpendicular_3
Class4,P2,Class4_example_0087,,,,,0,67,[],100,4,line_perpendicular_3
Class4,P2,Class4_example_0088,,,,,0,62,[],100,4,line_perpendicular_3
Class4,P2,Class4_example_0089,,,,,0,51,[],100,4,line_perpendicular_3
Class4,P2,Class4_example_0090,,,,,0,63,[],100,4,line_perpendicular_3
Class4,P2,Class4_example_0091,,,,,0,64,[],100,4,line_perpendicular_3
Class4,P2,Class4_example_0092,,,,,0,60,[],100,4,line_perpendicular_3
Class4,P2,Class4_example_0093,,,,,0,59,[],100,4,line_perpendicular_3
Class4,P2,Class4_example_0094,,,,,0,65,[],100,4,line_perpendicular_3
Class4,P2,Class4_example_0095,,,,,0,57,[],100,4,line_perpendicular_3
Class4,P2,Class4_example_0096,,,,,0,56,[],100,4,line_perpendicular_3
Class4,P2,Class4_example_0097,,,,,0,48,[],100,4,line_perpendicular_3
Class4,P2,Class4_example_0098,,,,,0,47,[],100,4,line_perpendicular_3
Class4,P2,Class4_example_0099,,,,,0,35,[],100,4,line_perpendicular_3
Class4,P2,Class4_example_0100,,,,,0,53,[],100,4,line_perpendicular_3
Class1,P3,Class1_example_0001,6.0,0.010704607211908357,6.000009549043698,6.000009549043698,1,90,[96],300,299,line_perpendicular_3
Class1,P3,Class1_example_0002,7.0,0.005821640564274422,7.000002420820929,7.000002420820929,1,97,[104],300,299,line_perpendicular_3
Class1,P3,Class1_example_0003,4.0,0.0037702281095622348,4.000001776827105,4.000001776827105,1,93,[97],300,299,line_perpendicular_3
Class1,P3,Class1_example_0004,18.5,0.032792803113789376,18.50002906659196,5.000008236755768,2,103,"[71, 108]",300,299,line_perpendicular_3
Class1,P3,Class1_example_0005,15.5,0.044560149771250446,15.50006670502593,3.0000017732440836,2,101,"[73, 104]",300,299,line_perpendicular_3
Class1,P3,Class1_example_0006,3.0,0.005867283242285692,3.000005737496621,3.000005737496621,1,77,[80],300,299,line_perpendicular_3
Class1,P3,Class1_example_0007,18.0,0.1645730171011369,18.000764947931994,1.000002282115839,2,96,"[97, 131]",300,299,line_perpendicular_3
Class1,P3,Class1_example_0008,2.0,0.002692442468647971,2.0000018123107908,2.0000018123107908,1,93,[95],300,299,line_perpendicular_3
Class1,P3,Class1_example_0009,25.5,0.031044480768780136,25.500020445305562,3.000010227758531,2,130,"[82, 127]",300,299,line_perpendicular_3
Class1,P3,Class1_example_0010,8.0,0.010884681887529501,8.00000740476531,8.00000740476531,1,85,[93],300,299,line_perpendicular_3
Class1,P3,Class1_example_0011,6.0,0.0025671964453913287,6.000000549208107,6.000000549208107,1,95,[101],300,299,line_perpendicular_3
Class1,P3,Class1_example_0012,20.0,0.015932743315354048,20.00000662045277,2.0000023054041085,2,104,"[66, 106]",300,299,line_perpendicular_3
Class1,P3,Class1_example_0013,7.0,0.014004580814030887,7.000014009149108,7.000014009149108,1,101,[108],300,299,line_perpendicular_3
Class1,P3,Class1_example_0014,7.0,0.00886268552023417,7.000005610511654,7.000005610511654,1,93,[100],300,299,line_perpendicular_3
Class1,P3,Class1_example_0015,21.5,0.15272377719403998,21.500562481120223,3.0000067142420273,2,92,"[95, 132]",300,299,line_perpendicular_3
Class1,P3,Class1_example_0016,2.0,0.0029191473191827466,2.000002130354133,2.000002130354133,1,88,[90],300,299,line_perpendicular_3
Class1,P3,Class1_example_0017,17.0,0.10460924480881523,17.000334017604956,4.000016556213842,2,93,"[63, 97]",300,299,line_perpendicular_3
Class1,P3,Class1_example_0018,10.0,0.005340202230604163,10.000001425887891,10.000001425887891,1,95,[105],300,299,line_perpendicular_3
Class1,P3,Class1_example_0019,3.0,0.007947942102802252,3.000010528278804,3.000010528278804,1,84,[87],300,299,line_perpendicular_3
Class1,P3,Class1_example_0020,30.0,0.20699448226516656,30.000721687709916,2.000009427942928,2,73,"[75, 131]",300,299,line_perpendicular_3
Class1,P3,Class1_example_0021,1.0,0.0016964806139050381,1.0000014390222014,1.0000014390222014,1,77,[78],300,299,line_perpendicular_3
Class1,P3,Class1_example_0022,0.0,0.0,0.0,0.0,1,79,[79],300,299,line_perpendicular_3
Class1,P3,Class1_example_0023,23.0,0.18175873245844124,23.00071816784913,0.0,2,110,"[64, 110]",300,299,line_perpendicular_3
Class1,P3,Class1_example_0024,56.0,0.3949809091762775,56.00139292837825,56.00139292837825,1,138,[82],300,299,line_perpendicular_3
Class1,P3,Class1_example_0025,47.0,0.2825343444830576,47.00084920143265,47.00084920143265,1,116,[69],300,299,line_perpendicular_3
Class1,P3,Class1_example_0026,40.0,0.5292510946659678,40.00350118078673,40.00350118078673,1,109,[69],300,299,line_perpendicular_3
Class1,P3,Class1_example_0027,2.0,0.0017051027481770342,2.0000007268437137,2.0000007268437137,1,92,[94],300,299,line_perpendicular_3
Class1,P3,Class1_example_0028,2.0,0.003323533766542708,2.000002761467268,2.000002761467268,1,105,[103],300,299,line_perpendicular_3
Class1,P3,Class1_example_0029,19.0,0.026584776419401157,19.000018622791256,1.0000014545626792,2,118,"[81, 119]",300,299,line_perpendicular_3
Class1,P3,Class1_example_0030,2.0,0.0009204598502350336,2.0000002118115727,2.0000002118115727,1,86,[88],300,299,line_perpendicular_3
Class1,P3,Class1_example_0031,21.5,0.07883275378290405,21.50014476834323,8.000044944732943,2,105,"[70, 113]",300,299,line_perpendicular_3
Class1,P3,Class1_example_0032,3.0,0.010585436367129941,3.00001867518572,3.00001867518572,1,88,[91],300,299,line_perpendicular_3
Class1,P3,Class1_example_0033,15.0,0.06445453478673335,15.000138478929271,15.000138478929271,1,84,[99],300,299,line_perpendicular_3
Class1,P3,Class1_example_0034,19.5,0.07298389314125914,19.500140761918534,6.000014610996124,2,101,"[68, 107]",300,299,line_perpendicular_3
Class1,P3,Class1_example_0035,6.0,0.011707704509118733,6.000011422517867,6.000011422517867,1,91,[97],300,299,line_perpendicular_3
Class1,P3,Class1_example_0036,20.0,0.02186304631166247,20.000012785198614,10.000001755504027,2,105,"[75, 115]",300,299,line_perpendicular_3
Class1,P3,Class1_example_0037,17.0,0.02218747416259642,17.00001782520227,5.000019827697301,2,103,"[74, 108]",300,299,line_perpendicular_3
Class1,P3,Class1_example_0038,21.5,0.18273722131808298,21.500776564860512,0.0,2,82,"[82, 125]",300,299,line_perpendicular_3
Class1,P3,Class1_example_0039,24.0,0.12063182335058806,24.000319538590507,7.000016929841288,2,65,"[72, 106]",300,299,line_perpendicular_3
Class1,P3,Class1_example_0040,18.0,0.10162226422343729,18.000297101561976,6.000031891547106,2,93,"[63, 99]",300,299,line_perpendicular_3
Class1,P3,Class1_example_0041,19.0,0.10536653833672871,19.00030287623953,8.000048684014216,2,97,"[67, 105]",300,299,line_perpendicular_3
Class1,P3,Class1_example_0042,15.5,0.06005135762565428,15.500116334829954,6.000046502658575,2,91,"[66, 97]",300,299,line_perpendicular_3
Class1,P3,Class1_example_0043,14.0,0.03006400427854833,14.000032320555553,2.0000058635071,2,90,"[64, 92]",300,299,line_perpendicular_3
Class1,P3,Class1_example_0044,22.0,0.17992413353098602,22.000735730739255,0.0,2,86,"[86, 130]",300,299,line_perpendicular_3
Class1,P3,Class1_example_0045,20.5,0.07266592292704682,20.500129659993096,6.000054162400514,2,115,"[80, 121]",300,299,line_perpendicular_3
Class1,P3,Class1_example_0046,21.5,0.08003035990834595,21.5001519224183,5.000012912005075,2,103,"[65, 108]",300,299,line_perpendicular_3
Class1,P3,Class1_example_0047,3.0,0.006960090750207093,3.0000080737996777,3.0000080737996777,1,95,[98],300,299,line_perpendicular_3
Class1,P3,Class1_example_0048,4.0,0.007069232577406992,4.000006246751276,4.000006246751276,1,78,[82],300,299,line_perpendicular_3
Class1,P3,Class1_example_0049,20.0,0.026501039223102263,20.000017574904906,3.0000032460341317,2,109,"[72, 112]",300,299,line_perpendicular_3
Class1,P3,Class1_example_0050,44.0,0.16305268966142528,44.00030211464014,44.00030211464014,1,132,[88],300,299,line_perpendicular_3
Class1,P3,Class1_example_0051,17.0,0.029296231268716943,17.000026533986038,4.0000155739787,2,95,"[65, 99]",300,299,line_perpendicular_3
Class1,P3,Class1_example_0052,17.5,0.03405966319411213,17.50003373968855,3.0000117434137112,2,96,"[64, 99]",300,299,line_perpendicular_3
Class1,P3,Class1_example_0053,1.0,0.0016082317989309924,1.0000012932039233,1.0000012932039233,1,93,[94],300,299,line_perpendicular_3
Class1,P3,Class1_example_0054,13.0,0.0030571765599765044,13.000003677623248,2.0000073452142315,2,93,"[69, 95]",300,299,line_perpendicular_3
Class1,P3,Class1_example_0055,3.0,0.00801995658776522,3.000010719931459,3.000010719931459,1,84,[87],300,299,line_perpendicular_3
Class1,P3,Class1_example_0056,11.0,0.0449951999337761,11.000092025434018,11.000092025434018,1,80,[91],300,299,line_perpendicular_3
Class1,P3,Class1_example_0057,14.0,0.0370411681317635,14.000049001633407,14.000049001633407,1,85,[99],300,299,line_perpendicular_3
Class1,P3,Class1_example_0058,7.0,0.0015166811229489485,7.000000164308686,7.000000164308686,1,82,[89],300,299,line_perpendicular_3
Class1,P3,Class1_example_0059,22.0,0.006348551486485998,22.00000091600239,22.00000091600239,1,85,[107],300,299,line_perpendicular_3
Class1,P3,Class1_example_0060,3.0,0.0023237459013009665,3.0000008999657006,3.0000008999657006,1,87,[90],300,299,line_perpendicular_3
Class1,P3,Class1_example_0061,30.0,0.18959531556643602,30.000655670476824,6.000000731405009,2,77,"[83, 131]",300,299,line_perpendicular_3
Class1,P3,Class1_example_0062,28.0,0.04155217114499177,28.000030831821004,28.000030831821004,1,74,[102],300,299,line_perpendicular_3
Class1,P3,Class1_example_0063,23.5,0.13407038469217672,23.50040493832808,3.000000247027395,2,76,"[79, 120]",300,299,line_perpendicular_3
Class1,P3,Class1_example_0064,12.0,0.03727921109369825,12.000057905676112,12.000057905676112,1,96,[108],300,299,line_perpendicular_3
Class1,P3,Class1_example_0065,23.0,0.11764180948718334,23.000330461669336,6.00000283560974,2,85,"[91, 125]",300,299,line_perpendicular_3
Class1,P3,Class1_example_0066,22.5,0.17415335841597918,22.500692424205994,2.000003248381829,2,88,"[86, 131]",300,299,line_perpendicular_3
Class1,P3,Class1_example_0067,8.0,0.009223878195971702,8.000005317493795,8.000005317493795,1,84,[92],300,299,line_perpendicular_3
Class1,P3,Class1_example_0068,17.0,0.10427049365385949,17.000327914227007,4.000023847344725,2,119,"[89, 123]",300,299,line_perpendicular_3
Class1,P3,Class1_example_0069,21.5,0.05242199515427731,21.500066155805847,4.000002042316488,2,102,"[63, 106]",300,299,line_perpendicular_3
Class1,P3,Class1_example_0070,22.5,0.08059292768680437,22.500145511800177,1.000001035423789,2,120,"[76, 121]",300,299,line_perpendicular_3
Class1,P3,Class1_example_0071,23.0,0.07661873964196114,23.000129924401232,3.000004013060313,2,113,"[70, 116]",300,299,line_perpendicular_3
Class1,P3,Class1_example_0072,24.5,0.13336039232054686,24.50039052010193,10.000030774330796,2,119,"[80, 129]",300,299,line_perpendicular_3
Class1,P3,Class1_example_0073,5.0,0.009114421662438033,5.000008307261323,5.000008307261323,1,75,[80],300,299,line_perpendicular_3
Class1,P3,Class1_example_0074,3.0,0.00789392203456385,3.0000103856495377,3.0000103856495377,1,91,[94],300,299,line_perpendicular_3
Class1,P3,Class1_example_0075,15.5,0.08396709471316116,15.500250639776407,3.000000025576084,2,97,"[100, 125]",300,299,line_perpendicular_3
Class1,P3,Class1_example_0076,18.0,0.025862127862188666,18.00001880756025,2.0000043832895207,2,99,"[65, 101]",300,299,line_perpendicular_3
Class1,P3,Class1_example_0077,23.0,0.12800772334326488,23.00036059717568,2.000007127973708,2,111,"[67, 113]",300,299,line_perpendicular_3
Class1,P3,Class1_example_0078,22.0,0.06248404522871048,22.00009255776638,4.000001903069711,2,110,"[70, 114]",300,299,line_perpendicular_3
Class1,P3,Class1_example_0079,23.0,0.1300497591097564,23.000390858570764,5.000006304241213,2,84,"[89, 125]",300,299,line_perpendicular_3
Class1,P3,Class1_example_0080,7.0,0.01429794287311259,7.000014602211227,7.000014602211227,1,86,[93],300,299,line_perpendicular_3
Class1,P3,Class1_example_0081,5.0,0.012142938307886042,5.000014745073333,5.000014745073333,1,78,[83],300,299,line_perpendicular_3
Class1,P3,Class1_example_0082,17.0,0.04487930404139884,17.00006224745243,6.000046216965753,2,93,"[65, 99]",300,299,line_perpendicular_3
Class1,P3,Class1_example_0083,5.0,0.015434031847081586,5.000023820877162,5.000023820877162,1,89,[94],300,299,line_perpendicular_3
Class1,P3,Class1_example_0084,3.0,0.005984194507994367,3.0000059684247145,3.0000059684247145,1,96,[99],300,299,line_perpendicular_3
Class1,P3,Class1_example_0085,22.5,0.12491246877097256,22.50038709159468,5.000000094514058,2,86,"[91, 126]",300,299,line_perpendicular_3
Class1,P3,Class1_example_0086,17.5,0.0890733909339618,17.500241020262948,4.00000466184033,2,85,"[89, 116]",300,299,line_perpendicular_3
Class1,P3,Class1_example_0087,35.0,0.3162702853820701,35.00142892645121,35.00142892645121,1,125,[90],300,299,line_perpendicular_3
Class1,P3,Class1_example_0088,21.5,0.024557083855861805,21.500014047972318,5.000002566224017,2,112,"[74, 117]",300,299,line_perpendicular_3
Class1,P3,Class1_example_0089,26.0,0.016449444657009094,26.000011036881567,6.000018562102369,2,126,"[80, 132]",300,299,line_perpendicular_3
Class1,P3,Class1_example_0090,3.0,0.00042759624324933965,3.000000030473091,3.000000030473091,1,98,[101],300,299,line_perpendicular_3
Class1,P3,Class1_example_0091,24.5,0.13834039666908474,24.500397973451093,1.0000000338806787,2,118,"[70, 119]",300,299,line_perpendicular_3
Class1,P3,Class1_example_0092,6.0,0.005934660590518059,6.000002935015642,6.000002935015642,1,95,[101],300,299,line_perpendicular_3
Class1,P3,Class1_example_0093,3.0,0.0009162262943196442,3.000000139911767,3.000000139911767,1,96,[99],300,299,line_perpendicular_3
Class1,P3,Class1_example_0094,3.0,0.0004522974187581297,3.000000034095492,3.000000034095492,1,73,[76],300,299,line_perpendicular_3
Class1,P3,Class1_example_0095,,,,,0,76,[],300,299,line_perpendicular_3
Class1,P3,Class1_example_0096,37.0,0.10165167014950438,37.00013963571008,37.00013963571008,1,140,[103],300,299,line_perpendicular_3
Class1,P3,Class1_example_0097,40.0,0.08499261764072158,40.00009029671125,40.00009029671125,1,132,[92],300,299,line_perpendicular_3
Class1,P3,Class1_example_0098,17.5,0.07977316762815384,17.50018242852199,4.000056014260144,2,123,"[92, 127]",300,299,line_perpendicular_3
Class1,P3,Class1_example_0099,16.0,0.03143303475390008,16.000030975409125,6.000014474015134,2,91,"[65, 97]",300,299,line_perpendicular_3
Class1,P3,Class1_example_0100,20.5,0.13067919987816035,20.500449310101466,3.00000000009195,2,93,"[96, 131]",300,299,line_perpendicular_3
Class1,P3,Class1_example_0101,2.0,0.003840013184272406,2.0000036864219166,2.0000036864219166,1,98,[100],300,299,line_perpendicular_3
Class1,P3,Class1_example_0102,5.0,0.010493508697423604,5.000011011360353,5.000011011360353,1,92,[97],300,299,line_perpendicular_3
Class1,P3,Class1_example_0103,18.5,0.03650001169319583,18.500036019151082,10.00002066849364,2,97,"[70, 107]",300,299,line_perpendicular_3
Class1,P3,Class1_example_0104,19.5,0.030605692928284578,19.5000249013678,4.0000009226883115,2,100,"[65, 104]",300,299,line_perpendicular_3
Class1,P3,Class1_example_0105,6.0,0.018294505723750576,6.0000278906801485,6.0000278906801485,1,92,[98],300,299,line_perpendicular_3
Class1,P3,Class1_example_0106,21.0,0.014241991190886233,21.000004925642624,5.0000004362567125,2,108,"[71, 113]",300,299,line_perpendicular_3
Class1,P3,Class1_example_0107,23.0,0.06555009172048532,23.000093965054706,4.000009136552584,2,123,"[81, 127]",300,299,line_perpendicular_3
Class1,P3,Class1_example_0108,22.0,0.08334427902820746,22.000159046073254,6.000026377188021,2,113,"[75, 119]",300,299,line_perpendicular_3
Class1,P3,Class1_example_0109,20.5,0.08041355001504874,20.500158596383287,3.0000124324824164,2,110,"[72, 113]",300,299,line_perpendicular_3
Class1,P3,Class1_example_0110,5.0,0.015906507312813734,5.000025301633472,5.000025301633472,1,89,[94],300,299,line_perpendicular_3
Class1,P3,Class1_example_0111,4.0,0.004436756275287612,4.000002460600024,4.000002460600024,1,87,[91],300,299,line_perpendicular_3
Class1,P3,Class1_example_0112,19.0,0.09165665106214338,19.000225122274014,2.0000042237488524,2,102,"[66, 104]",300,299,line_perpendicular_3
Class1,P3,Class1_example_0113,18.5,0.09072624108041516,18.500235584397657,9.000035367666264,2,94,"[66, 103]",300,299,line_perpendicular_3
Class1,P3,Class1_example_0114,19.5,0.08830595664497992,19.500249654736656,10.000002334684696,2,92,"[63, 102]",300,299,line_perpendicular_3
Class1,P3,Class1_example_0115,25.0,0.14951262533450574,25.000458317639573,9.00005555058122,3,90,"[65, 99, 131]",300,299,line_perpendicular_3
Class1,P3,Class1_example_0116,22.333333333333332,0.09919519172637636,22.333623077284187,2.000007147522295,3,94,"[64, 96, 129]",300,299,line_perpendicular_3
Class1,P3,Class1_example_0117,17.0,0.05001487991181913,17.000073795453503,8.000028098901495,2,96,"[70, 104]",300,299,line_perpendicular_3
Class1,P3,Class1_example_0118,21.0,0.061149701015980606,21.0000890964022,3.0000103444991915,2,102,"[63, 105]",300,299,line_perpendicular_3
Class1,P3,Class1_example_0119,22.5,0.007680854540253745,22.500002055072276,9.000003295157688,2,107,"[71, 116]",300,299,line_perpendicular_3
Class1,P3,Class1_example_0120,27.0,0.17805197290635913,27.000588693742554,4.000057694561261,2,74,"[78, 124]",300,299,line_perpendicular_3
Class1,P3,Class1_example_0121,7.0,0.0407026864949826,7.000118335334618,7.000118335334618,1,85,[92],300,299,line_perpendicular_3
Class1,P3,Class1_example_0122,4.0,0.010700609934446992,4.000014312856014,4.000014312856014,1,77,[81],300,299,line_perpendicular_3
Class1,P3,Class1_example_0123,2.0,0.008507563377086469,2.0000180945768005,2.0000180945768005,1,96,[98],300,299,line_perpendicular_3
Class1,P3,Class1_example_0124,25.5,0.19014908290562296,25.500742420894024,3.0000014265036157,2,80,"[83, 128]",300,299,line_perpendicular_3
Class1,P3,Class1_example_0125,2.0,0.0028142134805462238,2.0000019799483986,2.0000019799483986,1,91,[93],300,299,line_perpendicular_3
Class1,P3,Class1_example_0126,1.0,0.0026028380288272146,1.000003387377165,1.000003387377165,1,85,[86],300,299,line_perpendicular_3
Class1,P3,Class1_example_0127,7.0,0.018019143031313134,7.000023192069836,7.000023192069836,1,88,[95],300,299,line_perpendicular_3
Class1,P3,Class1_example_0128,4.0,0.00042044616343417385,4.000000022096872,4.000000022096872,1,93,[97],300,299,line_perpendicular_3
Class1,P3,Class1_example_0129,1.0,0.0005387529366843169,1.0000001451273528,1.0000001451273528,1,73,[74],300,299,line_perpendicular_3
Class1,P3,Class1_example_0130,6.0,0.01742324987675381,6.000025297416359,6.000025297416359,1,78,[84],300,299,line_perpendicular_3
Class1,P3,Class1_example_0131,6.0,0.005584638966181221,6.000002599015469,6.000002599015469,1,79,[85],300,299,line_perpendicular_3
Class1,P3,Class1_example_0132,30.0,0.20107125336936219,30.00069478715084,4.000010383504129,2,63,"[67, 119]",300,299,line_perpendicular_3
Class1,P3,Class1_example_0133,19.5,0.09020431927378789,19.50021713003507,3.0000029081470925,2,103,"[67, 106]",300,299,line_perpendicular_3
Class1,P3,Class1_example_0134,17.5,0.011744095402051902,17.500003960733682,3.0000003974256595,2,99,"[67, 102]",300,299,line_perpendicular_3
Class1,P3,Class1_example_0135,2.0,0.0012742777957650553,2.000000405945934,2.000000405945934,1,75,[73],300,299,line_perpendicular_3
Class1,P3,Class1_example_0136,26.0,0.20855242416296488,26.00085975646875,3.0000101814910822,2,71,"[74, 120]",300,299,line_perpendicular_3
Class1,P3,Class1_example_0137,4.0,0.01737532479564108,4.0000377375609535,4.0000377375609535,1,102,[106],300,299,line_perpendicular_3
Class1,P3,Class1_example_0138,20.0,0.017146559543355533,20.000007825165724,4.000004567453484,2,105,"[69, 109]",300,299,line_perpendicular_3
Class1,P3,Class1_example_0139,10.0,0.007243306124120941,10.000002623273836,10.000002623273836,1,96,[106],300,299,line_perpendicular_3
Class1,P3,Class1_example_0140,3.0,0.0046676412575872295,3.000003631143621,3.000003631143621,1,90,[93],300,299,line_perpendicular_3
Class1,P3,Class1_example_0141,1.0,0.00276281881187157,1.0000038165766105,1.0000038165766105,1,100,[101],300,299,line_perpendicular_3
Class1,P3,Class1_example_0142,19.0,0.10039998940810047,19.000284269934472,7.000018639434508,2,99,"[68, 106]",300,299,line_perpendicular_3
Class1,P3,Class1_example_0143,19.5,0.06420115904442028,19.500107962910167,1.0000000492371026,2,127,"[89, 128]",300,299,line_perpendicular_3
Class1,P3,Class1_example_0144,24.5,0.17870277300399443,24.500663080670183,2.000006892562482,2,69,"[71, 116]",300,299,line_perpendicular_3
Class1,P3,Class1_example_0145,28.5,0.183343869564744,28.500617946315238,8.000034822176826,2,71,"[79, 120]",300,299,line_perpendicular_3
Class1,P3,Class1_example_0146,22.0,0.14044342688378125,22.000454627902595,5.000045400756643,2,109,"[70, 114]",300,299,line_perpendicular_3
Class1,P3,Class1_example_0147,6.0,0.01827029699870053,6.000027816914886,6.000027816914886,1,81,[87],300,299,line_perpendicular_3
Class1,P3,Class1_example_0148,5.0,0.012762797742340015,5.000016288874089,5.000016288874089,1,96,[101],300,299,line_perpendicular_3
Class1,P3,Class1_example_0149,21.5,0.01812097425729081,21.50001001559779,4.000010688615722,2,112,"[73, 116]",300,299,line_perpendicular_3
Class1,P3,Class1_example_0150,22.5,0.04770218734114881,22.500050624140727,2.000003198470569,2,113,"[70, 115]",300,299,line_perpendicular_3
Class1,P3,Class1_example_0151,20.5,0.13296236801157343,20.500452695675097,4.000008657065992,2,120,"[83, 124]",300,299,line_perpendicular_3
Class1,P3,Class1_example_0152,18.5,0.12866924884915054,18.50047993729904,3.0000006254034832,2,105,"[71, 108]",300,299,line_perpendicular_3
Class1,P3,Class1_example_0153,18.0,0.10441073847227701,18.000324674007654,3.0000005996559063,2,95,"[98, 128]",300,299,line_perpendicular_3
Class1,P3,Class1_example_0154,17.0,0.018124467996718685,17.00001568586316,6.000024965763167,2,92,"[64, 98]",300,299,line_perpendicular_3
Class1,P3,Class1_example_0155,31.333333333333332,0.24418428426347286,31.33428497642987,0.0,3,69,"[69, 101, 131]",300,299,line_perpendicular_3
Class1,P3,Class1_example_0156,22.0,0.1482804281951484,22.000521599694753,2.0000000751148668,2,89,"[91, 131]",300,299,line_perpendicular_3
Class1,P3,Class1_example_0157,1.0,0.0021185991821887074,1.000002244228729,1.000002244228729,1,105,[104],300,299,line_perpendicular_3
Class1,P3,Class1_example_0158,16.5,0.01557971838618849,16.500015489099198,7.000028585446401,2,96,"[70, 103]",300,299,line_perpendicular_3
Class1,P3,Class1_example_0159,3.0,0.002344842377454137,3.000000916380823,3.000000916380823,1,94,[97],300,299,line_perpendicular_3
Class1,P3,Class1_example_0160,16.5,0.027202893741934797,16.50002504404295,6.0000242664163785,2,101,"[74, 107]",300,299,line_perpendicular_3
Class1,P3,Class1_example_0161,21.5,0.11612484292247865,21.500318459263596,1.000000545762844,2,110,"[68, 111]",300,299,line_perpendicular_3
Class1,P3,Class1_example_0162,5.0,0.004477411124465203,5.000002004720636,5.000002004720636,1,89,[94],300,299,line_perpendicular_3
Class1,P3,Class1_example_0163,5.0,0.00124743386585896,5.000000155609122,5.000000155609122,1,93,[98],300,299,line_perpendicular_3
Class1,P3,Class1_example_0164,7.0,0.01143216266080782,7.000009335303997,7.000009335303997,1,91,[98],300,299,line_perpendicular_3
Class1,P3,Class1_example_0165,18.5,0.09550273870598458,18.500270691160118,5.000002870672479,2,89,"[94, 121]",300,299,line_perpendicular_3
Class1,P3,Class1_example_0166,19.5,0.09977774408703077,19.50027888502307,4.000000526706252,2,87,"[91, 122]",300,299,line_perpendicular_3
Class1,P3,Class1_example_0167,5.0,0.0013863957570514618,5.000000192209316,5.000000192209316,1,91,[96],300,299,line_perpendicular_3
Class1,P3,Class1_example_0168,20.0,0.08387210104626813,20.000178479483885,1.0000004988358295,2,105,"[66, 106]",300,299,line_perpendicular_3
Class1,P3,Class1_example_0169,26.0,0.17744512095944498,26.00061314935331,6.000066322709681,2,112,"[66, 106]",300,299,line_perpendicular_3
Class1,P3,Class1_example_0170,22.5,0.1324603492756702,22.50039081979826,3.0000348254883664,2,109,"[67, 106]",300,299,line_perpendicular_3
Class1,P3,Class1_example_0171,19.333333333333332,0.11341502861072511,19.333666384930652,0.0,3,102,"[68, 102, 126]",300,299,line_perpendicular_3
Class1,P3,Class1_example_0172,7.0,0.004854254107804379,7.0000016831271505,7.0000016831271505,1,90,[97],300,299,line_perpendicular_3
Class1,P3,Class1_example_0173,1.0,0.001170684669075106,1.0000006852510623,1.0000006852510623,1,99,[100],300,299,line_perpendicular_3
Class1,P3,Class1_example_0174,2.0,9.593316021205833e-05,2.000000002300793,2.000000002300793,1,83,[85],300,299,line_perpendicular_3
Class1,P3,Class1_example_0175,30.0,0.1439874960739494,30.000349945615724,3.0000089063846964,2,73,"[76, 130]",300,299,line_perpendicular_3
Class1,P3,Class1_example_0176,1.0,0.0020120746120358968,1.0000020242200736,1.0000020242200736,1,74,[75],300,299,line_perpendicular_3
Class1,P3,Class1_example_0177,33.0,0.21431165042650868,33.00074886644825,5.000000138984881,2,69,"[74, 130]",300,299,line_perpendicular_3
Class1,P3,Class1_example_0178,20.5,0.10036284725222028,20.50025238009093,2.000001752785043,2,91,"[93, 130]",300,299,line_perpendicular_3
Class1,P3,Class1_example_0179,27.0,0.2001431739275428,27.00076684037805,2.000000217982452,2,121,"[69, 123]",300,299,line_perpendicular_3
Class1,P3,Class1_example_0180,24.0,0.17706118007588093,24.000675962897255,2.0000005806722236,2,110,"[64, 112]",300,299,line_perpendicular_3
Class1,P3,Class1_example_0181,3.0,0.0006328647832598566,3.0000000667529716,3.0000000667529716,1,108,[105],300,299,line_perpendicular_3
Class1,P3,Class1_example_0182,14.5,0.0238108866694757,14.500020536780891,5.000015009906842,2,117,"[93, 122]",300,299,line_perpendicular_3
Class1,P3,Class1_example_0183,22.5,0.2126412636303663,22.501028398539926,2.000007467130789,2,106,"[63, 108]",300,299,line_perpendicular_3
Class1,P3,Class1_example_0184,20.5,0.007034705272582126,20.50000211926188,3.0000029607078473,2,114,"[76, 117]",300,299,line_perpendicular_3
Class1,P3,Class1_example_0185,19.5,0.1293683333915221,19.500438445675776,3.0000158214204804,2,102,"[66, 105]",300,299,line_perpendicular_3
Class1,P3,Class1_example_0186,19.5,0.05935405221202844,19.50009784290665,3.0000000000142895,2,102,"[66, 105]",300,299,line_perpendicular_3
Class1,P3,Class1_example_0187,6.0,0.018657871029099327,6.000029009609149,6.000029009609149,1,88,[94],300,299,line_perpendicular_3
Class1,P3,Class1_example_0188,20.0,0.005875618987585429,20.00000107432483,8.000001366427435,2,105,"[73, 113]",300,299,line_perpendicular_3
Class1,P3,Class1_example_0189,18.5,0.08853546636997112,18.5002177617193,9.00005127919936,2,102,"[74, 111]",300,299,line_perpendicular_3
Class1,P3,Class1_example_0190,26.0,0.12659977588705992,26.000324290966923,5.0000053306433925,2,66,"[71, 113]",300,299,line_perpendicular_3
Class1,P3,Class1_example_0191,18.5,0.08934303117494433,18.50022031355997,9.000057936714969,2,96,"[68, 105]",300,299,line_perpendicular_3
Class1,P3,Class1_example_0192,17.5,0.09640702628297837,17.500271604245963,6.000040631121645,2,95,"[66, 101]",300,299,line_perpendicular_3
Class1,P3,Class1_example_0193,18.5,0.10210561418284592,18.500338198180007,10.000010668219115,2,90,"[63, 100]",300,299,line_perpendicular_3
Class1,P3,Class1_example_0194,10.0,0.017567950178492997,10.000015431631766,10.000015431631766,1,89,[99],300,299,line_perpendicular_3
Class1,P3,Class1_example_0195,18.5,0.06967177092019627,18.50013162232625,8.000069764333638,2,104,"[75, 112]",300,299,line_perpendicular_3
Class1,P3,Class1_example_0196,16.5,0.02276953781220653,16.50002016030284,5.000024303146962,2,100,"[72, 105]",300,299,line_perpendicular_3
Class1,P3,Class1_example_0197,16.0,0.0077925634169192515,16.00000287691004,3.0000037201428738,2,99,"[70, 102]",300,299,line_perpendicular_3
Class1,P3,Class1_example_0198,20.5,0.12390497036580933,20.500386610300414,2.0000015216307214,2,77,"[79, 116]",300,299,line_perpendicular_3
Class1,P3,Class1_example_0199,19.0,0.06060732414988096,19.000097116696292,7.000046607110136,2,106,"[75, 113]",300,299,line_perpendicular_3
Class1,P3,Class1_example_0200,20.5,0.03543442090761478,20.500034077408536,4.000024413079807,2,116,"[79, 120]",300,299,line_perpendicular_3
Class1,P3,Class1_example_0201,19.0,0.04412383382711271,19.000051234934517,11.000029384661548,2,106,"[79, 117]",300,299,line_perpendicular_3
Class1,P3,Class1_example_0202,19.0,0.05628743926715524,19.000084254375313,3.0000055502678062,2,100,"[65, 103]",300,299,line_perpendicular_3
Class1,P3,Class1_example_0203,6.0,0.01885875453592678,6.000029637645355,6.000029637645355,1,92,[98],300,299,line_perpendicular_3
Class1,P3,Class1_example_0204,22.5,0.06244181597815057,22.500091250371646,6.00000392455332,2,77,"[83, 116]",300,299,line_perpendicular_3
Class1,P3,Class1_example_0205,23.0,0.08132852983372349,23.000150976079283,3.000000442460778,2,81,"[84, 124]",300,299,line_perpendicular_3
Class1,P3,Class1_example_0206,3.0,0.000638437290623739,3.000000067933695,3.000000067933695,1,83,[86],300,299,line_perpendicular_3
Class1,P3,Class1_example_0207,7.0,0.008048351056904712,7.00000462685238,7.00000462685238,1,84,[91],300,299,line_perpendicular_3
Class1,P3,Class1_example_0208,14.5,0.05254140359710624,14.50011235109992,5.000000160102953,2,89,"[65, 94]",300,299,line_perpendicular_3
Class1,P3,Class1_example_0209,16.0,0.039062536047426766,16.00005193340053,3.000000046119055,2,97,"[68, 100]",300,299,line_perpendicular_3
Class1,P3,Class1_example_0210,5.0,0.014937727014835978,5.000022313519048,5.000022313519048,1,84,[89],300,299,line_perpendicular_3
Class1,P3,Class1_example_0211,5.0,0.005329090067743736,5.000002839919288,5.000002839919288,1,85,[90],300,299,line_perpendicular_3
Class1,P3,Class1_example_0212,16.0,0.11621504683854045,16.000441518450664,2.0000014939443624,2,96,"[98, 126]",300,299,line_perpendicular_3
Class1,P3,Class1_example_0213,5.0,0.003373826352380538,5.000001138270296,5.000001138270296,1,96,[101],300,299,line_perpendicular_3
Class1,P3,Class1_example_0214,6.0,0.013304990944697337,6.000014751880535,6.000014751880535,1,98,[104],300,299,line_perpendicular_3
Class1,P3,Class1_example_0215,8.0,0.01606856820872027,8.000016137413992,8.000016137413992,1,90,[98],300,299,line_perpendicular_3
Class1,P3,Class1_example_0216,22.5,0.07381151951311499,22.500132411590407,5.000000485129691,2,103,"[63, 108]",300,299,line_perpendicular_3
Class1,P3,Class1_example_0217,21.0,0.0810290878111351,21.000158441102222,1.0000004847299073,2,106,"[65, 107]",300,299,line_perpendicular_3
Class1,P3,Class1_example_0218,22.5,0.09570077987425629,22.500209690518716,3.0000033000594897,2,108,"[66, 111]",300,299,line_perpendicular_3
Class1,P3,Class1_example_0219,4.0,0.0008817925374821067,4.000000097194759,4.000000097194759,1,103,[107],300,299,line_perpendicular_3
Class1,P3,Class1_example_0220,22.0,0.050089651112205924,22.000057159245763,2.0000077762629087,2,106,"[64, 108]",300,299,line_perpendicular_3
Class1,P3,Class1_example_0221,5.0,0.006366394238487505,5.0000040530959176,5.0000040530959176,1,75,[80],300,299,line_perpendicular_3
Class1,P3,Class1_example_0222,22.5,0.0631076211233692,22.500088983860778,4.000009174521766,2,108,"[67, 112]",300,299,line_perpendicular_3
Class1,P3,Class1_example_0223,5.0,0.010339755933966854,5.0000106910438475,5.0000106910438475,1,93,[98],300,299,line_perpendicular_3
Class1,P3,Class1_example_0224,5.0,0.019774895209500265,5.000039104495139,5.000039104495139,1,79,[84],300,299,line_perpendicular_3
Class1,P3,Class1_example_0225,4.0,0.011776370911722012,4.000017335326417,4.000017335326417,1,91,[95],300,299,line_perpendicular_3
Class1,P3,Class1_example_0226,20.0,0.13585117524171544,20.000484585390346,11.000102606648717,2,99,"[70, 110]",300,299,line_perpendicular_3
Class1,P3,Class1_example_0227,19.0,0.18856619977890038,19.000979292560523,7.000102664690324,2,114,"[83, 121]",300,299,line_perpendicular_3
Class1,P3,Class1_example_0228,20.0,0.16451366591832345,20.00073566571211,7.00003043703424,2,107,"[74, 114]",300,299,line_perpendicular_3
Class1,P3,Class1_example_0229,20.0,0.15730708382606554,20.000633321851105,2.0000066640713703,2,88,"[90, 126]",300,299,line_perpendicular_3
Class1,P3,Class1_example_0230,3.0,0.002789609144769667,3.0000012969862495,3.0000012969862495,1,92,[95],300,299,line_perpendicular_3
Class1,P3,Class1_example_0231,1.0,0.002525469553059323,1.0000031889931469,1.0000031889931469,1,93,[94],300,299,line_perpendicular_3
Class1,P3,Class1_example_0232,1.0,0.0012489023292707735,1.0000007798782098,1.0000007798782098,1,89,[90],300,299,line_perpendicular_3
Class1,P3,Class1_example_0233,19.0,0.02993449889241645,19.000024721642955,1.0000067834686552,2,104,"[67, 103]",300,299,line_perpendicular_3
Class1,P3,Class1_example_0234,1.0,0.001039980021543263,1.0000005407790764,1.0000005407790764,1,90,[91],300,299,line_perpendicular_3
Class1,P3,Class1_example_0235,16.0,0.03143303475390008,16.000030975409125,6.000014474015134,2,91,"[65, 97]",300,299,line_perpendicular_3
Class1,P3,Class1_example_0236,16.5,0.03133397719900033,16.500030682602574,1.0000072157837594,2,98,"[66, 99]",300,299,line_perpendicular_3
Class1,P3,Class1_example_0237,15.0,0.06309096178759421,15.000134403560972,2.0000058238074367,2,96,"[68, 98]",300,299,line_perpendicular_3
Class1,P3,Class1_example_0238,19.5,0.1456830191155115,19.500566703914778,2.000000872734026,2,90,"[92, 127]",300,299,line_perpendicular_3
Class1,P3,Class1_example_0239,20.0,0.12785361932045902,20.000435261785398,3.0000006625918574,2,90,"[93, 127]",300,299,line_perpendicular_3
Class1,P3,Class1_example_0240,18.0,0.13434123972521175,18.00052105393641,2.000001841550098,2,90,"[92, 124]",300,299,line_perpendicular_3
Class1,P3,Class1_example_0241,3.0,0.0054345056094758926,3.0000049223044982,3.0000049223044982,1,92,[95],300,299,line_perpendicular_3
Class1,P3,Class1_example_0242,26.5,0.13380282982575673,26.500354461480672,3.000000331801355,2,82,"[85, 132]",300,299,line_perpendicular_3
Class1,P3,Class1_example_0243,19.0,0.008342553822406784,19.000002355318586,2.0000020600687267,2,101,"[65, 103]",300,299,line_perpendicular_3
Class1,P3,Class1_example_0244,20.0,0.013366806322967828,20.000008523893477,1.0000107932130862,2,112,"[73, 113]",300,299,line_perpendicular_3
Class1,P3,Class1_example_0245,16.0,0.09435322936549012,16.000283655358356,2.000007286034111,2,101,"[71, 103]",300,299,line_perpendicular_3
Class1,P3,Class1_example_0246,16.5,0.10651318944527571,16.500357240063334,2.0000020380731343,2,103,"[72, 105]",300,299,line_perpendicular_3
Class1,P3,Class1_example_0247,20.5,0.06453532331487066,20.50010350756811,1.000000082293484,2,108,"[68, 109]",300,299,line_perpendicular_3
Class1,P3,Class1_example_0248,23.0,0.028291717356589363,23.000017689269797,2.000003894258454,2,122,"[78, 124]",300,299,line_perpendicular_3
Class1,P3,Class1_example_0249,22.0,0.013312894466134706,22.000004210653323,2.0000000002150236,2,119,"[77, 121]",300,299,line_perpendicular_3
Class1,P3,Class1_example_0250,1.0,0.003237553975178331,1.0000052408641378,1.0000052408641378,1,84,[85],300,299,line_perpendicular_3
Class1,P3,Class1_example_0251,5.0,0.02520213418585393,5.000063514353345,5.000063514353345,1,84,[89],300,299,line_perpendicular_3
Class1,P3,Class1_example_0252,5.0,0.02079875411409743,5.000043258630139,5.000043258630139,1,90,[95],300,299,line_perpendicular_3
Class1,P3,Class1_example_0253,20.5,0.10403463566166182,20.50027107540245,6.000028186106914,2,110,"[75, 116]",300,299,line_perpendicular_3
Class1,P3,Class1_example_0254,5.0,0.008700633182546103,5.000007570096047,5.000007570096047,1,84,[89],300,299,line_perpendicular_3
Class1,P3,Class1_example_0255,24.0,0.1507869804064934,24.00048450608902,3.000010167394057,2,66,"[69, 111]",300,299,line_perpendicular_3
Class1,P3,Class1_example_0256,5.0,0.03294349223542209,5.000108526190274,5.000108526190274,1,80,[85],300,299,line_perpendicular_3
Class1,P3,Class1_example_0257,4.0,0.01241267507837751,4.00001925926646,4.00001925926646,1,83,[87],300,299,line_perpendicular_3
Class1,P3,Class1_example_0258,19.5,0.196006567037161,19.500985066768337,0.0,2,76,"[76, 115]",300,299,line_perpendicular_3
Class1,P3,Class1_example_0259,1.0,0.0015111641052524272,1.0000011418078247,1.0000011418078247,1,71,[72],300,299,line_perpendicular_3
Class1,P3,Class1_example_0260,18.5,0.20665259392256127,18.501154161148296,0.0,2,73,"[73, 110]",300,299,line_perpendicular_3
Class1,P3,Class1_example_0261,19.0,0.1509061187861233,19.000649353869957,3.0000000149080344,2,84,"[87, 119]",300,299,line_perpendicular_3
Class1,P3,Class1_example_0262,0.0,0.0,0.0,0.0,1,90,[90],300,299,line_perpendicular_3
Class1,P3,Class1_example_0263,0.0,0.0,0.0,0.0,1,92,[92],300,299,line_perpendicular_3
Class1,P3,Class1_example_0264,0.0,0.0,0.0,0.0,1,99,[99],300,299,line_perpendicular_3
Class1,P3,Class1_example_0265,6.0,0.02205352482299805,6.000040529692871,6.000040529692871,1,106,[100],300,299,line_perpendicular_3
Class1,P3,Class1_example_0266,9.0,0.005544675049530157,9.000001707967694,9.000001707967694,1,85,[94],300,299,line_perpendicular_3
Class1,P3,Class1_example_0267,7.0,0.01774005384544175,7.0000224792146515,7.0000224792146515,1,91,[98],300,299,line_perpendicular_3
Class1,P3,Class1_example_0268,2.0,0.00011267186119434669,2.000000003173737,2.000000003173737,1,89,[91],300,299,line_perpendicular_3
Class1,P3,Class1_example_0269,2.0,0.0015694512316002385,2.0000006157941974,2.0000006157941974,1,89,[91],300,299,line_perpendicular_3
Class1,P3,Class1_example_0270,5.0,0.011562366014925551,5.000013368812914,5.000013368812914,1,93,[98],300,299,line_perpendicular_3
Class1,P3,Class1_example_0271,20.0,0.13081859179691985,20.000458418385485,4.000003350028006,2,84,"[88, 120]",300,299,line_perpendicular_3
Class1,P3,Class1_example_0272,8.0,0.021978301944529988,8.000030190302807,8.000030190302807,1,88,[96],300,299,line_perpendicular_3
Class1,P3,Class1_example_0273,4.0,0.018158566154234612,4.000041216478247,4.000041216478247,1,81,[85],300,299,line_perpendicular_3
Class1,P3,Class1_example_0274,32.0,0.22804413200751486,32.000832822750034,3.000006310035596,2,66,"[69, 127]",300,299,line_perpendicular_3
Class1,P3,Class1_example_0275,5.0,0.0038176836772663703,5.0000014574706535,5.0000014574706535,1,78,[83],300,299,line_perpendicular_3
Class1,P3,Class1_example_0276,5.0,0.0006423379366117254,5.000000041259802,5.000000041259802,1,82,[87],300,299,line_perpendicular_3
Class1,P3,Class1_example_0277,6.0,0.005584638966181221,6.000002599015469,6.000002599015469,1,79,[85],300,299,line_perpendicular_3
Class1,P3,Class1_example_0278,2.0,0.0021607678418772425,2.000001167229076,2.000001167229076,1,65,[67],300,299,line_perpendicular_3
Class1,P3,Class1_example_0279,24.5,0.18017767321000822,24.500669062177554,1.0000026256803738,2,70,"[71, 118]",300,299,line_perpendicular_3
Class1,P3,Class1_example_0280,30.5,0.2592257763415684,30.501149637365213,4.000006467434242,2,66,"[70, 123]",300,299,line_perpendicular_3
Class1,P3,Class1_example_0281,18.0,0.013942307075656357,18.000005550633855,4.000002603304729,2,95,"[63, 99]",300,299,line_perpendicular_3
Class1,P3,Class1_example_0282,2.0,0.003095941758323506,2.000002396212407,2.000002396212407,1,80,[82],300,299,line_perpendicular_3
Class1,P3,Class1_example_0283,30.0,0.19760783643893964,30.00068175569946,4.000002939457213,2,67,"[71, 123]",300,299,line_perpendicular_3
Class1,P3,Class1_example_0284,28.0,0.1539619594103521,28.00043744134508,4.000007018443368,2,65,"[69, 117]",300,299,line_perpendicular_3
Class1,P3,Class1_example_0285,21.0,0.11916796119873872,21.0003455296222,1.0000000433254959,2,126,"[85, 127]",300,299,line_perpendicular_3
Class1,P3,Class1_example_0286,19.5,0.2249008964327835,19.501418058121086,5.000013689506896,2,115,"[81, 120]",300,299,line_perpendicular_3
Class1,P3,Class1_example_0287,19.5,0.1086020985008179,19.50033672950153,6.000004105664002,2,109,"[76, 115]",300,299,line_perpendicular_3
Class1,P3,Class1_example_0288,18.5,0.07219406437612405,18.500141040120862,3.000017726334176,2,117,"[83, 120]",300,299,line_perpendicular_3
Class1,P3,Class1_example_0289,20.0,0.0725440786799702,20.00014387808913,4.00000017801591,2,101,"[65, 105]",300,299,line_perpendicular_3
Class1,P3,Class1_example_0290,23.5,0.1791207950355528,23.500685805655284,1.0000083978307355,2,81,"[82, 127]",300,299,line_perpendicular_3
Class1,P3,Class1_example_0291,22.0,0.1771405206137021,22.000722948551548,3.0000312066402244,2,68,"[71, 109]",300,299,line_perpendicular_3
Class1,P3,Class1_example_0292,6.0,0.023814034054067013,6.000047258832044,6.000047258832044,1,89,[95],300,299,line_perpendicular_3
Class1,P3,Class1_example_0293,25.0,0.16175694343478675,25.000543164567453,8.000051317328303,2,76,"[84, 118]",300,299,line_perpendicular_3
Class1,P3,Class1_example_0294,21.0,0.03891432193050831,21.000048184682942,8.000066220713583,2,108,"[74, 116]",300,299,line_perpendicular_3
Class1,P3,Class1_example_0295,22.5,0.15334731672773644,22.500530204202498,1.0000009070646045,2,82,"[83, 126]",300,299,line_perpendicular_3
Class1,P3,Class1_example_0296,1.0,0.0026652637171745708,1.0000035518090333,1.0000035518090333,1,91,[92],300,299,line_perpendicular_3
Class1,P3,Class1_example_0297,23.5,0.1435326214411915,23.500459433402057,6.000020346690995,2,72,"[78, 113]",300,299,line_perpendicular_3
Class1,P3,Class1_example_0298,2.0,0.0020913124004117156,2.00000109339659,2.00000109339659,1,76,[78],300,299,line_perpendicular_3
Class1,P3,Class1_example_0299,2.0,0.0049583694134528455,2.0000061463473657,2.0000061463473657,1,102,[104],300,299,line_perpendicular_3
Class1,P3,Class1_example_0300,22.5,0.06050546939527096,22.50008495857269,3.0000004890927467,2,105,"[63, 108]",300,299,line_perpendicular_3
Class2,P3,Class2_example_0001,17.5,0.2644381332549868,17.502180240113706,4.000011502167983,2,95,"[64, 99]",300,297,line_perpendicular_3
Class2,P3,Class2_example_0002,4.0,0.006220245400609503,4.0000048364286815,4.0000048364286815,1,99,[103],300,297,line_perpendicular_3
Class2,P3,Class2_example_0003,20.0,0.2302991463503834,20.001500835417318,6.000007280963941,2,101,"[67, 107]",300,297,line_perpendicular_3
Class2,P3,Class2_example_0004,17.5,0.13415632462334048,17.500555768974227,7.000038292342205,2,88,"[95, 116]",300,297,line_perpendicular_3
Class2,P3,Class2_example_0005,10.0,0.03439345492485457,10.000059145312175,10.000059145312175,1,89,[99],300,297,line_perpendicular_3
Class2,P3,Class2_example_0006,10.0,0.034475626572025075,10.000059428264791,10.000059428264791,1,90,[100],300,297,line_perpendicular_3
Class2,P3,Class2_example_0007,19.5,0.1411349544744398,19.500595384208737,7.000003077813989,2,89,"[96, 121]",300,297,line_perpendicular_3
Class2,P3,Class2_example_0008,7.0,0.0022603654148058983,7.0000003649465485,7.0000003649465485,1,97,[104],300,297,line_perpendicular_3
Class2,P3,Class2_example_0009,8.0,0.02964203668057619,8.00005491545768,8.00005491545768,1,81,[89],300,297,line_perpendicular_3
Class2,P3,Class2_example_0010,6.0,0.03638460040222846,6.000110318914681,6.000110318914681,1,101,[107],300,297,line_perpendicular_3
Class2,P3,Class2_example_0011,3.0,0.019348954392886863,3.0000623963571322,3.0000623963571322,1,109,[112],300,297,line_perpendicular_3
Class2,P3,Class2_example_0012,20.0,0.09896718312841674,20.00024603626565,9.00008367436622,2,97,"[66, 106]",300,297,line_perpendicular_3
Class2,P3,Class2_example_0013,4.0,0.0036008010010555314,4.000001620720653,4.000001620720653,1,89,[93],300,297,line_perpendicular_3
Class2,P3,Class2_example_0014,35.0,0.40715057541581756,35.00236808547475,35.00236808547475,1,122,[87],300,297,line_perpendicular_3
Class2,P3,Class2_example_0015,23.5,0.23792443827385595,23.50136699769764,7.000005307959141,2,113,"[73, 120]",300,297,line_perpendicular_3
Class2,P3,Class2_example_0016,22.5,0.12708685463607772,22.50037971272008,5.0000081184455905,2,108,"[68, 113]",300,297,line_perpendicular_3
Class2,P3,Class2_example_0017,4.0,0.005281201518205325,4.000003486384665,4.000003486384665,1,70,[74],300,297,line_perpendicular_3
Class2,P3,Class2_example_0018,21.0,0.16627594974673493,21.000705476849916,4.000003821049375,2,68,"[72, 106]",300,297,line_perpendicular_3
Class2,P3,Class2_example_0019,5.0,0.0034451449505304987,5.0000011869022325,5.0000011869022325,1,71,[76],300,297,line_perpendicular_3
Class2,P3,Class2_example_0020,20.0,0.05554209166698698,20.00007712294997,20.00007712294997,1,73,[93],300,297,line_perpendicular_3
Class2,P3,Class2_example_0021,35.0,0.2283397406712575,35.00074483546271,35.00074483546271,1,115,[80],300,297,line_perpendicular_3
Class2,P3,Class2_example_0022,46.0,0.40735369228160145,46.00180362801676,46.00180362801676,1,126,[80],300,297,line_perpendicular_3
Class2,P3,Class2_example_0023,21.0,0.10250957424942209,21.0002564007478,8.000043464406044,2,105,"[71, 113]",300,297,line_perpendicular_3
Class2,P3,Class2_example_0024,20.5,0.09810567934115733,20.500237336065346,6.0001079732437415,2,106,"[71, 112]",300,297,line_perpendicular_3
Class2,P3,Class2_example_0025,32.0,0.19644537824775943,32.000602975360245,32.000602975360245,1,112,[80],300,297,line_perpendicular_3
Class2,P3,Class2_example_0026,17.5,0.14724255640270034,17.50064135940126,2.0000039314458493,2,100,"[67, 102]",300,297,line_perpendicular_3
Class2,P3,Class2_example_0027,4.0,0.008111867770734305,4.000008225291384,4.000008225291384,1,95,[99],300,297,line_perpendicular_3
Class2,P3,Class2_example_0028,19.0,0.1582478998958849,19.0006772498079,2.000005993343902,2,106,"[70, 108]",300,297,line_perpendicular_3
Class2,P3,Class2_example_0029,2.0,0.006343927701239704,2.000010061329362,2.000010061329362,1,87,[89],300,297,line_perpendicular_3
Class2,P3,Class2_example_0030,20.5,0.03589954589405353,20.500031517541387,5.000005687647772,2,104,"[68, 109]",300,297,line_perpendicular_3
Class2,P3,Class2_example_0031,3.0,0.005123329442791147,3.0000043747475735,3.0000043747475735,1,79,[82],300,297,line_perpendicular_3
Class2,P3,Class2_example_0032,12.0,0.03311177965394341,12.000045682827706,12.000045682827706,1,77,[89],300,297,line_perpendicular_3
Class2,P3,Class2_example_0033,19.0,0.06464258297677294,19.000111996567227,7.00006700813098,2,95,"[64, 102]",300,297,line_perpendicular_3
Class2,P3,Class2_example_0034,18.0,0.07691556712590542,18.00016909207713,8.000033933014041,2,92,"[64, 100]",300,297,line_perpendicular_3
Class2,P3,Class2_example_0035,18.5,0.10173483832096597,18.500284413024076,3.000093504065719,2,102,"[68, 105]",300,297,line_perpendicular_3
Class2,P3,Class2_example_0036,20.5,0.12494211957387119,20.500392131730454,8.000062525433115,2,106,"[73, 114]",300,297,line_perpendicular_3
Class2,P3,Class2_example_0037,7.0,0.037983006657493656,7.000103049869676,7.000103049869676,1,86,[93],300,297,line_perpendicular_3
Class2,P3,Class2_example_0038,20.0,0.07113179151263466,20.000126514635987,5.000029467442418,2,103,"[68, 108]",300,297,line_perpendicular_3
Class2,P3,Class2_example_0039,18.5,0.12511595560215183,18.500459206570834,10.000061791811122,2,97,"[70, 107]",300,297,line_perpendicular_3
Class2,P3,Class2_example_0040,17.0,0.08245970190193724,17.000204947227907,10.000067238811681,2,96,"[72, 106]",300,297,line_perpendicular_3
Class2,P3,Class2_example_0041,20.5,0.14397686549721506,20.50055666331416,14.000107736947802,2,102,"[75, 116]",300,297,line_perpendicular_3
Class2,P3,Class2_example_0042,16.5,0.1478080312595726,16.50066202350999,0.0,2,77,"[77, 110]",300,297,line_perpendicular_3
Class2,P3,Class2_example_0043,6.0,0.03859031244616129,6.000124099734496,6.000124099734496,1,81,[87],300,297,line_perpendicular_3
Class2,P3,Class2_example_0044,1.0,0.005702253664535362,1.0000162577162708,1.0000162577162708,1,75,[76],300,297,line_perpendicular_3
Class2,P3,Class2_example_0045,4.0,0.023914011640607802,4.000071484355342,4.000071484355342,1,71,[75],300,297,line_perpendicular_3
Class2,P3,Class2_example_0046,3.0,0.022872053450166185,3.00008718720457,3.00008718720457,1,82,[85],300,297,line_perpendicular_3
Class2,P3,Class2_example_0047,8.0,0.04187854911438027,8.000109612553812,8.000109612553812,1,84,[92],300,297,line_perpendicular_3
Class2,P3,Class2_example_0048,11.0,0.06412623429395947,11.000186915408516,11.000186915408516,1,87,[98],300,297,line_perpendicular_3
Class2,P3,Class2_example_0049,9.0,0.05103919980322169,9.00014472105402,9.00014472105402,1,81,[90],300,297,line_perpendicular_3
Class2,P3,Class2_example_0050,26.5,0.19176147384519737,26.500725742374232,8.000050533580419,2,76,"[84, 121]",300,297,line_perpendicular_3
Class2,P3,Class2_example_0051,11.0,0.061630907297445914,11.000172651769349,11.000172651769349,1,79,[90],300,297,line_perpendicular_3
Class2,P3,Class2_example_0052,9.0,0.033675009338705264,9.000063000126941,9.000063000126941,1,81,[90],300,297,line_perpendicular_3
Class2,P3,Class2_example_0053,7.0,0.028393632536787727,7.0000575853608975,7.0000575853608975,1,75,[82],300,297,line_perpendicular_3
Class2,P3,Class2_example_0054,8.0,0.01697217110997673,8.000018003391753,8.000018003391753,1,80,[88],300,297,line_perpendicular_3
Class2,P3,Class2_example_0055,2.0,0.005973400538292317,2.0000089203586042,2.0000089203586042,1,77,[79],300,297,line_perpendicular_3
Class2,P3,Class2_example_0056,3.0,0.005222951466787418,3.000004546533559,3.000004546533559,1,70,[73],300,297,line_perpendicular_3
Class2,P3,Class2_example_0057,8.0,0.05431353156978591,8.000184370357447,8.000184370357447,1,86,[78],300,297,line_perpendicular_3
Class2,P3,Class2_example_0058,8.0,0.043563511963132795,8.000118610344135,8.000118610344135,1,83,[91],300,297,line_perpendicular_3
Class2,P3,Class2_example_0059,8.0,0.010764390179600403,8.000007242002718,8.000007242002718,1,80,[88],300,297,line_perpendicular_3
Class2,P3,Class2_example_0060,4.0,0.010918339818474232,4.000014901240293,4.000014901240293,1,90,[94],300,297,line_perpendicular_3
Class2,P3,Class2_example_0061,5.0,0.009713026346947595,5.000009434279181,5.000009434279181,1,92,[97],300,297,line_perpendicular_3
Class2,P3,Class2_example_0062,6.0,0.02744473118291535,6.000062767444162,6.000062767444162,1,78,[84],300,297,line_perpendicular_3
Class2,P3,Class2_example_0063,7.0,0.011667446035521278,7.00000972351446,7.00000972351446,1,90,[97],300,297,line_perpendicular_3
Class2,P3,Class2_example_0064,8.0,0.027160950358410263,8.000046107193656,8.000046107193656,1,90,[98],300,297,line_perpendicular_3
Class2,P3,Class2_example_0065,18.5,0.05197036967358443,18.500074912544854,6.000009451927156,2,97,"[66, 103]",300,297,line_perpendicular_3
Class2,P3,Class2_example_0066,8.0,0.03888857406722446,8.000094519516189,8.000094519516189,1,80,[88],300,297,line_perpendicular_3
Class2,P3,Class2_example_0067,9.0,0.034678011689424304,9.000066808890628,9.000066808890628,1,90,[99],300,297,line_perpendicular_3
Class2,P3,Class2_example_0068,6.0,0.014985189516211528,6.000018712962889,6.000018712962889,1,81,[87],300,297,line_perpendicular_3
Class2,P3,Class2_example_0069,5.0,0.014696040606338334,5.000021597314306,5.000021597314306,1,89,[94],300,297,line_perpendicular_3
Class2,P3,Class2_example_0070,21.5,0.2885680565166123,21.501991982891205,3.0000393592643717,2,109,"[69, 112]",300,297,line_perpendicular_3
Class2,P3,Class2_example_0071,19.5,0.15319558253329235,19.50060540424362,10.000232190884583,2,94,"[65, 104]",300,297,line_perpendicular_3
Class2,P3,Class2_example_0072,10.0,0.07324404002658358,10.00026823087258,10.00026823087258,1,88,[98],300,297,line_perpendicular_3
Class2,P3,Class2_example_0073,12.0,0.04121437019552188,12.000070775804225,12.000070775804225,1,88,[100],300,297,line_perpendicular_3
Class2,P3,Class2_example_0074,18.0,0.05678862331753892,18.000092324583196,5.000051291861596,2,106,"[75, 111]",300,297,line_perpendicular_3
Class2,P3,Class2_example_0075,20.5,0.05767925270086216,20.5000811443804,8.000031280809807,2,103,"[70, 111]",300,297,line_perpendicular_3
Class2,P3,Class2_example_0076,18.5,0.16659895556304166,18.50075567833128,11.00033582735862,2,92,"[66, 103]",300,297,line_perpendicular_3
Class2,P3,Class2_example_0077,24.0,0.13833139022771554,24.00041754172195,7.000026037488725,2,77,"[84, 118]",300,297,line_perpendicular_3
Class2,P3,Class2_example_0078,19.5,0.12844507831342417,19.500442423963683,3.0000043375692718,2,74,"[77, 110]",300,297,line_perpendicular_3
Class2,P3,Class2_example_0079,22.0,0.1961561192251995,22.000901113835635,4.000031903319636,2,76,"[80, 116]",300,297,line_perpendicular_3
Class2,P3,Class2_example_0080,10.0,0.03992731065689803,10.000079709189137,10.000079709189137,1,88,[98],300,297,line_perpendicular_3
Class2,P3,Class2_example_0081,6.0,0.031175075175645994,6.00008098989607,6.00008098989607,1,82,[88],300,297,line_perpendicular_3
Class2,P3,Class2_example_0082,6.0,0.008553647777524431,6.000006097071094,6.000006097071094,1,100,[106],300,297,line_perpendicular_3
Class2,P3,Class2_example_0083,42.0,0.36032726754944555,42.001545635128,42.001545635128,1,119,[77],300,297,line_perpendicular_3
Class2,P3,Class2_example_0084,41.0,0.4263061826297313,41.00221624450742,41.00221624450742,1,124,[83],300,297,line_perpendicular_3
Class2,P3,Class2_example_0085,10.0,0.007284342132262034,10.000002653081664,10.000002653081664,1,94,[104],300,297,line_perpendicular_3
Class2,P3,Class2_example_0086,6.0,0.017821571178210927,6.000026467308229,6.000026467308229,1,91,[97],300,297,line_perpendicular_3
Class2,P3,Class2_example_0087,19.5,0.07277374251810159,19.50013590084176,5.000040077402583,2,98,"[64, 103]",300,297,line_perpendicular_3
Class2,P3,Class2_example_0088,19.0,0.018250960382604875,19.000008765723106,19.000008765723106,1,89,[108],300,297,line_perpendicular_3
Class2,P3,Class2_example_0089,6.0,0.019024837892993918,6.000030161962259,6.000030161962259,1,91,[97],300,297,line_perpendicular_3
Class2,P3,Class2_example_0090,16.5,0.11036194946952577,16.500370326696068,8.000144058816922,2,93,"[68, 101]",300,297,line_perpendicular_3
Class2,P3,Class2_example_0091,5.0,0.03057191903339651,5.000093463349799,5.000093463349799,1,92,[97],300,297,line_perpendicular_3
Class2,P3,Class2_example_0092,5.0,0.01919141271195146,5.000036830896537,5.000036830896537,1,76,[81],300,297,line_perpendicular_3
Class2,P3,Class2_example_0093,21.0,0.11568727388766042,21.000319507741352,5.0000987483741275,2,108,"[71, 113]",300,297,line_perpendicular_3
Class2,P3,Class2_example_0094,18.0,0.09924112757797776,18.000273832294962,8.00010805619002,2,95,"[67, 103]",300,297,line_perpendicular_3
Class2,P3,Class2_example_0095,19.0,0.054651100482467685,19.000079179406658,5.00001255519715,2,101,"[68, 106]",300,297,line_perpendicular_3
Class2,P3,Class2_example_0096,19.0,0.12481808418291879,19.000417825277015,7.000075919666265,2,97,"[66, 104]",300,297,line_perpendicular_3
Class2,P3,Class2_example_0097,18.0,0.10225300459342007,18.000290859121797,6.000080939549025,2,98,"[68, 104]",300,297,line_perpendicular_3
Class2,P3,Class2_example_0098,7.0,0.04191657697561835,7.000125498833957,7.000125498833957,1,92,[99],300,297,line_perpendicular_3
Class2,P3,Class2_example_0099,23.5,0.15518488566912275,23.500550851250306,5.000004620710348,2,77,"[82, 119]",300,297,line_perpendicular_3
Class2,P3,Class2_example_0100,9.0,0.034570542021327255,9.000066395442627,9.000066395442627,1,75,[84],300,297,line_perpendicular_3
Class2,P3,Class2_example_0101,22.0,0.14320087762768416,22.000479447297156,9.00008448183002,2,82,"[91, 117]",300,297,line_perpendicular_3
Class2,P3,Class2_example_0102,4.0,0.014221001687740098,4.000025279531243,4.000025279531243,1,84,[88],300,297,line_perpendicular_3
Class2,P3,Class2_example_0103,4.0,0.016446512484586173,4.000033810828716,4.000033810828716,1,88,[92],300,297,line_perpendicular_3
Class2,P3,Class2_example_0104,9.0,0.0207207207752218,9.000023852650028,9.000023852650028,1,103,[112],300,297,line_perpendicular_3
Class2,P3,Class2_example_0105,10.0,0.04483718602340914,10.00010051815733,10.00010051815733,1,97,[107],300,297,line_perpendicular_3
Class2,P3,Class2_example_0106,2.0,0.003406365932338784,2.0000029008301126,2.0000029008301126,1,80,[82],300,297,line_perpendicular_3
Class2,P3,Class2_example_0107,18.0,0.1430101174605773,18.00057582505961,7.000128493171049,2,96,"[67, 103]",300,297,line_perpendicular_3
Class2,P3,Class2_example_0108,18.5,0.1610338954793633,18.500714914947366,6.000104480735488,2,106,"[75, 112]",300,297,line_perpendicular_3
Class2,P3,Class2_example_0109,17.5,0.1809041527128631,17.500968459144104,8.000181997489875,2,96,"[69, 104]",300,297,line_perpendicular_3
Class2,P3,Class2_example_0110,20.0,0.07411486051429989,20.000137398392198,7.000043354755843,2,99,"[66, 106]",300,297,line_perpendicular_3
Class2,P3,Class2_example_0111,7.0,0.041274236736306924,7.000121681986547,7.000121681986547,1,95,[102],300,297,line_perpendicular_3
Class2,P3,Class2_example_0112,5.0,0.03992996981108177,5.000159437706873,5.000159437706873,1,70,[75],300,297,line_perpendicular_3
Class2,P3,Class2_example_0113,9.0,0.04444965307608062,9.000109764422797,9.000109764422797,1,86,[95],300,297,line_perpendicular_3
Class2,P3,Class2_example_0114,6.0,0.028983416477363466,6.0000700027941924,6.0000700027941924,1,92,[98],300,297,line_perpendicular_3
Class2,P3,Class2_example_0115,18.5,0.10083998202072486,18.500284700539314,13.000106460658893,2,89,"[65, 102]",300,297,line_perpendicular_3
Class2,P3,Class2_example_0116,8.0,0.0366591558070779,8.000083992915604,8.000083992915604,1,86,[94],300,297,line_perpendicular_3
Class2,P3,Class2_example_0117,10.0,0.009107308869037933,10.00000414715288,10.00000414715288,1,100,[110],300,297,line_perpendicular_3
Class2,P3,Class2_example_0118,22.0,0.24377547302601008,22.00158754919791,7.000000584774673,2,108,"[71, 115]",300,297,line_perpendicular_3
Class2,P3,Class2_example_0119,,,,,0,91,[],300,297,line_perpendicular_3
Class2,P3,Class2_example_0120,19.0,0.013496873983205482,19.000023971904287,5.000047535520053,2,100,"[67, 105]",300,297,line_perpendicular_3
Class2,P3,Class2_example_0121,2.0,0.006240042578609217,2.0000097345091556,2.0000097345091556,1,91,[93],300,297,line_perpendicular_3
Class2,P3,Class2_example_0122,19.5,0.17421132959663765,19.50079139988336,1.0000015407139042,2,83,"[82, 121]",300,297,line_perpendicular_3
Class2,P3,Class2_example_0123,5.0,0.011066265955648746,5.000012246209224,5.000012246209224,1,81,[86],300,297,line_perpendicular_3
Class2,P3,Class2_example_0124,28.5,0.18531813055337049,28.500648284165997,5.000001302142819,2,64,"[69, 116]",300,297,line_perpendicular_3
Class2,P3,Class2_example_0125,17.5,0.05457983929158122,17.500091807610474,14.000122900804115,2,94,"[73, 108]",300,297,line_perpendicular_3
Class2,P3,Class2_example_0126,25.0,0.19386184410888407,25.000751636992863,25.000751636992863,1,76,[101],300,297,line_perpendicular_3
Class2,P3,Class2_example_0127,16.0,0.09933040413499894,16.00030832606627,16.00030832606627,1,76,[92],300,297,line_perpendicular_3
Class2,P3,Class2_example_0128,10.0,0.08664701347216519,10.000375378201742,10.000375378201742,1,73,[83],300,297,line_perpendicular_3
Class2,P3,Class2_example_0129,22.0,0.1812475071938523,22.00077712775995,4.000017638087065,2,81,"[85, 121]",300,297,line_perpendicular_3
Class2,P3,Class2_example_0130,38.0,0.3536997167006969,38.001646062895674,38.001646062895674,1,114,[76],300,297,line_perpendicular_3
Class2,P3,Class2_example_0131,6.0,0.023805921884976877,6.000047226640536,6.000047226640536,1,96,[102],300,297,line_perpendicular_3
Class2,P3,Class2_example_0132,4.0,0.015545785931667777,4.000030208818457,4.000030208818457,1,80,[84],300,297,line_perpendicular_3
Class2,P3,Class2_example_0133,4.0,0.014761941788354327,4.000027239272923,4.000027239272923,1,87,[83],300,297,line_perpendicular_3
Class2,P3,Class2_example_0134,21.5,0.0763063646238083,21.500138871275055,5.000009849438967,2,105,"[67, 110]",300,297,line_perpendicular_3
Class2,P3,Class2_example_0135,1.0,0.003868800919817672,1.000007483782275,1.000007483782275,1,76,[77],300,297,line_perpendicular_3
Class2,P3,Class2_example_0136,6.0,0.041563109661641784,6.000143955946786,6.000143955946786,1,80,[86],300,297,line_perpendicular_3
Class2,P3,Class2_example_0137,26.0,0.18201114485940112,26.000637070211432,26.000637070211432,1,64,[90],300,297,line_perpendicular_3
Class2,P3,Class2_example_0138,6.0,0.04406762519702612,6.000161827450198,6.000161827450198,1,74,[80],300,297,line_perpendicular_3
Class2,P3,Class2_example_0139,6.0,0.028853687320694155,6.00006937753823,6.00006937753823,1,84,[90],300,297,line_perpendicular_3
Class2,P3,Class2_example_0140,19.5,0.193093621612833,19.50095894499282,3.0000960033339754,2,105,"[69, 108]",300,297,line_perpendicular_3
Class2,P3,Class2_example_0141,19.0,0.15780178294934616,19.00065770487057,5.000122838425295,2,100,"[67, 105]",300,297,line_perpendicular_3
Class2,P3,Class2_example_0142,15.5,0.03234632786638558,15.500043619766318,9.00006674095475,2,90,"[68, 99]",300,297,line_perpendicular_3
Class2,P3,Class2_example_0143,0.0,0.0,0.0,0.0,1,99,[99],300,297,line_perpendicular_3
Class2,P3,Class2_example_0144,8.0,0.026977202523783328,8.000045485461692,8.000045485461692,1,88,[96],300,297,line_perpendicular_3
Class2,P3,Class2_example_0145,10.0,0.02601111544812873,10.000033828849123,10.000033828849123,1,82,[92],300,297,line_perpendicular_3
Class2,P3,Class2_example_0146,4.0,0.01661005950481831,4.000034486610929,4.000034486610929,1,87,[91],300,297,line_perpendicular_3
Class2,P3,Class2_example_0147,11.0,0.017322715287067636,11.000013639830858,11.000013639830858,1,81,[92],300,297,line_perpendicular_3
Class2,P3,Class2_example_0148,20.5,0.19340540213020946,20.500937248185352,4.000044000605618,2,102,"[65, 106]",300,297,line_perpendicular_3
Class2,P3,Class2_example_0149,64.0,0.28203278638047646,64.00062142270646,64.00062142270646,1,132,[68],300,297,line_perpendicular_3
Class2,P3,Class2_example_0150,12.0,0.0507188329907744,12.00010718285549,12.00010718285549,1,91,[103],300,297,line_perpendicular_3
Class2,P3,Class2_example_0151,1.0,0.003728233109581147,1.0000069498369095,1.0000069498369095,1,90,[91],300,297,line_perpendicular_3
Class2,P3,Class2_example_0152,5.0,0.006073527649159249,5.00000368877245,5.00000368877245,1,85,[90],300,297,line_perpendicular_3
Class2,P3,Class2_example_0153,7.0,0.009694706133821507,7.0000067133772825,7.0000067133772825,1,71,[78],300,297,line_perpendicular_3
Class2,P3,Class2_example_0154,5.0,0.014235877126762553,5.000020265978686,5.000020265978686,1,73,[78],300,297,line_perpendicular_3
Class2,P3,Class2_example_0155,5.0,0.014404009867926226,5.000020747506982,5.000020747506982,1,69,[74],300,297,line_perpendicular_3
Class2,P3,Class2_example_0156,5.0,0.013631545951159119,5.000018581869973,5.000018581869973,1,79,[84],300,297,line_perpendicular_3
Class2,P3,Class2_example_0157,19.0,0.15864927551201058,19.000716983742304,4.0000036876035825,2,69,"[73, 103]",300,297,line_perpendicular_3
Class2,P3,Class2_example_0158,4.0,0.0043145399524036065,4.000002326906198,4.000002326906198,1,78,[82],300,297,line_perpendicular_3
Class2,P3,Class2_example_0159,17.0,0.11768202018307033,17.0004652273143,5.000001012502263,2,74,"[79, 103]",300,297,line_perpendicular_3
Class2,P3,Class2_example_0160,8.0,0.03662487308367479,8.000083835893747,8.000083835893747,1,83,[91],300,297,line_perpendicular_3
Class2,P3,Class2_example_0161,18.5,0.08666023633981457,18.50020318485661,11.00010896152905,2,91,"[65, 102]",300,297,line_perpendicular_3
Class2,P3,Class2_example_0162,18.0,0.06262603557364987,18.00010902699959,10.000066009128394,2,91,"[65, 101]",300,297,line_perpendicular_3
Class2,P3,Class2_example_0163,19.5,0.12061818046738804,19.500380134854517,11.000128023831154,2,93,"[65, 104]",300,297,line_perpendicular_3
Class2,P3,Class2_example_0164,8.0,0.033517487378037725,8.000070213564387,8.000070213564387,1,89,[97],300,297,line_perpendicular_3
Class2,P3,Class2_example_0165,21.0,0.1866352913051798,21.000838256251964,1.000004454560758,2,73,"[74, 114]",300,297,line_perpendicular_3
Class2,P3,Class2_example_0166,18.0,0.11784831309387245,18.00038579026331,1.000020137440115,2,99,"[64, 100]",300,297,line_perpendicular_3
Class2,P3,Class2_example_0167,47.0,0.5054343109383594,47.00271762188516,47.00271762188516,1,122,[75],300,297,line_perpendicular_3
Class2,P3,Class2_example_0168,52.0,0.5456401544289238,52.002862644071094,52.002862644071094,1,135,[83],300,297,line_perpendicular_3
Class2,P3,Class2_example_0169,36.0,0.3585657758079307,36.00178564204255,36.00178564204255,1,115,[79],300,297,line_perpendicular_3
Class2,P3,Class2_example_0170,5.0,0.020189906829178428,5.000040763067615,5.000040763067615,1,91,[96],300,297,line_perpendicular_3
Class2,P3,Class2_example_0171,,,,,0,100,[],300,297,line_perpendicular_3
Class2,P3,Class2_example_0172,20.5,0.22363060487982717,20.501265142802847,5.000069189567113,2,71,"[66, 107]",300,297,line_perpendicular_3
Class2,P3,Class2_example_0173,37.0,0.3672290382736966,37.00182234926479,37.00182234926479,1,67,[104],300,297,line_perpendicular_3
Class2,P3,Class2_example_0174,35.0,0.3818330448096594,35.00208274480404,35.00208274480404,1,64,[99],300,297,line_perpendicular_3
Class2,P3,Class2_example_0175,35.0,0.38516166322605905,35.0021192145107,35.0021192145107,1,64,[99],300,297,line_perpendicular_3
Class2,P3,Class2_example_0176,1.0,0.0031958096458239993,1.0000051065866076,1.0000051065866076,1,67,[66],300,297,line_perpendicular_3
Class2,P3,Class2_example_0177,33.0,0.2963605280696151,33.00133072411774,33.00133072411774,1,66,[99],300,297,line_perpendicular_3
Class2,P3,Class2_example_0178,3.0,0.004708483285434162,3.0000036949668663,3.0000036949668663,1,90,[93],300,297,line_perpendicular_3
Class2,P3,Class2_example_0179,2.0,0.004396884713567362,2.000004833142956,2.000004833142956,1,85,[87],300,297,line_perpendicular_3
Class2,P3,Class2_example_0180,29.0,0.23656677435465362,29.001014974665264,6.000021632011915,2,69,"[75, 121]",300,297,line_perpendicular_3
Class2,P3,Class2_example_0181,9.0,0.028258229264659263,9.00004436253073,9.00004436253073,1,67,[76],300,297,line_perpendicular_3
Class2,P3,Class2_example_0182,17.5,0.1426116459113047,17.500598121078482,9.00015018296445,2,92,"[66, 101]",300,297,line_perpendicular_3
Class2,P3,Class2_example_0183,21.5,0.17661847861115781,21.500737440479643,2.0000117593324007,2,117,"[76, 119]",300,297,line_perpendicular_3
Class2,P3,Class2_example_0184,16.0,0.08874170775087187,16.000246094691622,16.000246094691622,1,80,[96],300,297,line_perpendicular_3
Class2,P3,Class2_example_0185,10.0,0.03128783591583362,10.000048946314028,10.000048946314028,1,77,[87],300,297,line_perpendicular_3
Class2,P3,Class2_example_0186,22.0,0.0648420887133197,22.000142099313997,15.000000057080587,2,94,"[65, 109]",300,297,line_perpendicular_3
Class2,P3,Class2_example_0187,14.0,0.06844879032530637,14.000167328889216,14.000167328889216,1,89,[103],300,297,line_perpendicular_3
Class2,P3,Class2_example_0188,18.0,0.20366967324171076,18.00115330179223,13.000765781709163,2,92,"[69, 105]",300,297,line_perpendicular_3
Class2,P3,Class2_example_0189,13.0,0.011619688586540056,13.000005192966764,13.000005192966764,1,82,[95],300,297,line_perpendicular_3
Class2,P3,Class2_example_0190,6.0,0.00986818046420046,6.0000081150766515,6.0000081150766515,1,93,[99],300,297,line_perpendicular_3
Class2,P3,Class2_example_0191,5.0,0.01564199255526555,5.000024467133246,5.000024467133246,1,71,[76],300,297,line_perpendicular_3
Class2,P3,Class2_example_0192,13.0,0.05785688492400942,13.000128746252212,13.000128746252212,1,75,[88],300,297,line_perpendicular_3
Class2,P3,Class2_example_0193,36.0,0.13002619601830379,36.00023481606267,36.00023481606267,1,115,[79],300,297,line_perpendicular_3
Class2,P3,Class2_example_0194,7.0,0.03610083350643589,7.000093090108149,7.000093090108149,1,83,[90],300,297,line_perpendicular_3
Class2,P3,Class2_example_0195,7.0,0.03439354635899672,7.0000844934922855,7.0000844934922855,1,67,[74],300,297,line_perpendicular_3
Class2,P3,Class2_example_0196,19.5,0.17442010511355766,19.500780045246085,0.0,2,75,"[75, 114]",300,297,line_perpendicular_3
Class2,P3,Class2_example_0197,8.0,0.039611207673737714,8.00009806488479,8.00009806488479,1,82,[90],300,297,line_perpendicular_3
Class2,P3,Class2_example_0198,8.0,0.04137439435669832,8.000106989316354,8.000106989316354,1,66,[74],300,297,line_perpendicular_3
Class2,P3,Class2_example_0199,11.0,0.051330737514012625,11.000119765012276,11.000119765012276,1,91,[102],300,297,line_perpendicular_3
Class2,P3,Class2_example_0200,10.0,0.044446307591562206,10.000098773225119,10.000098773225119,1,85,[95],300,297,line_perpendicular_3
Class2,P3,Class2_example_0201,23.5,0.22843370840403326,23.501141455537713,10.000216781547087,2,110,"[73, 120]",300,297,line_perpendicular_3
Class2,P3,Class2_example_0202,48.0,0.45253109773074807,48.002133123377064,48.002133123377064,1,123,[75],300,297,line_perpendicular_3
Class2,P3,Class2_example_0203,5.0,0.028930122544682746,5.000083694498568,5.000083694498568,1,82,[87],300,297,line_perpendicular_3
Class2,P3,Class2_example_0204,13.0,0.06634527088510012,13.000169294858003,13.000169294858003,1,69,[82],300,297,line_perpendicular_3
Class2,P3,Class2_example_0205,28.0,0.1498290294110175,28.000400867452846,28.000400867452846,1,86,[114],300,297,line_perpendicular_3
Class2,P3,Class2_example_0206,4.0,0.017200710705921884,4.000036982885132,4.000036982885132,1,86,[90],300,297,line_perpendicular_3
Class2,P3,Class2_example_0207,2.0,0.006981851892093327,2.000012186526833,2.000012186526833,1,85,[87],300,297,line_perpendicular_3
Class2,P3,Class2_example_0208,2.0,0.002800154390575682,2.000001960215192,2.000001960215192,1,93,[95],300,297,line_perpendicular_3
Class2,P3,Class2_example_0209,1.0,0.003365454893442532,1.0000056631272844,1.0000056631272844,1,85,[86],300,297,line_perpendicular_3
Class2,P3,Class2_example_0210,2.0,0.004524496143439194,2.00000511775979,2.00000511775979,1,81,[83],300,297,line_perpendicular_3
Class2,P3,Class2_example_0211,20.5,0.1709099211057814,20.500716621581294,3.000055111511928,2,107,"[69, 110]",300,297,line_perpendicular_3
Class2,P3,Class2_example_0212,18.0,0.11251156718987154,18.000362264468478,7.00005707484738,2,86,"[93, 115]",300,297,line_perpendicular_3
Class2,P3,Class2_example_0213,7.0,0.01952389513765762,7.000027227267145,7.000027227267145,1,92,[99],300,297,line_perpendicular_3
Class2,P3,Class2_example_0214,5.0,0.019346930407457053,5.000037430231517,5.000037430231517,1,93,[98],300,297,line_perpendicular_3
Class2,P3,Class2_example_0215,16.0,0.115566003838246,16.000468512573637,4.000000566357373,2,89,"[93, 117]",300,297,line_perpendicular_3
Class2,P3,Class2_example_0216,9.0,0.038730285375351337,9.000083334892253,9.000083334892253,1,91,[100],300,297,line_perpendicular_3
Class2,P3,Class2_example_0217,13.0,0.03975570144230112,13.000060788926996,13.000060788926996,1,90,[103],300,297,line_perpendicular_3
Class2,P3,Class2_example_0218,4.0,0.002252560659360525,4.00000063425364,4.00000063425364,1,95,[99],300,297,line_perpendicular_3
Class2,P3,Class2_example_0219,5.0,0.00975103912786801,5.000009508267366,5.000009508267366,1,94,[99],300,297,line_perpendicular_3
Class2,P3,Class2_example_0220,5.0,0.004114612150035224,5.0000016930030275,5.0000016930030275,1,97,[102],300,297,line_perpendicular_3
Class2,P3,Class2_example_0221,20.5,0.23698182880909738,20.501456004262643,4.000014964031652,2,84,"[88, 121]",300,297,line_perpendicular_3
Class2,P3,Class2_example_0222,20.5,0.04052422146797269,20.50005290737789,7.000069145482631,2,100,"[66, 107]",300,297,line_perpendicular_3
Class2,P3,Class2_example_0223,23.0,0.15036321881555176,23.000510557530458,8.00005569897374,2,111,"[73, 119]",300,297,line_perpendicular_3
Class2,P3,Class2_example_0224,10.0,0.05767991328839672,10.000166347236277,10.000166347236277,1,92,[102],300,297,line_perpendicular_3
Class2,P3,Class2_example_0225,10.0,0.040449706839530974,10.000081808604538,10.000081808604538,1,90,[100],300,297,line_perpendicular_3
Class2,P3,Class2_example_0226,6.0,0.021752968434868736,6.000039432506734,6.000039432506734,1,95,[101],300,297,line_perpendicular_3
Class2,P3,Class2_example_0227,19.0,0.16638159500797656,19.000757873059293,2.0000016748973155,2,75,"[77, 111]",300,297,line_perpendicular_3
Class2,P3,Class2_example_0228,6.0,0.01775158249902209,6.000026259832637,6.000026259832637,1,76,[82],300,297,line_perpendicular_3
Class2,P3,Class2_example_0229,2.0,0.004519406272960214,2.0000051062517468,2.0000051062517468,1,67,[69],300,297,line_perpendicular_3
Class2,P3,Class2_example_0230,27.5,0.21529149883242954,27.500899700714122,5.000004839237634,2,67,"[72, 117]",300,297,line_perpendicular_3
Class2,P3,Class2_example_0231,28.0,0.22698255961966046,28.00096427262698,4.0000057453757,2,67,"[71, 119]",300,297,line_perpendicular_3
Class2,P3,Class2_example_0232,3.0,0.0002872536196738551,3.0000000137524405,3.0000000137524405,1,70,[73],300,297,line_perpendicular_3
Class2,P3,Class2_example_0233,1.0,0.0009168441538995875,1.000000420301513,1.000000420301513,1,68,[69],300,297,line_perpendicular_3
Class2,P3,Class2_example_0234,,,,,0,89,[],300,297,line_perpendicular_3
Class2,P3,Class2_example_0235,21.5,0.12935097968638115,21.500389307679225,1.0000131425843883,2,120,"[78, 121]",300,297,line_perpendicular_3
Class2,P3,Class2_example_0236,36.0,0.3645125741057397,36.00184536126837,36.00184536126837,1,118,[82],300,297,line_perpendicular_3
Class2,P3,Class2_example_0237,43.0,0.42903298321451677,43.002140287440184,43.002140287440184,1,125,[82],300,297,line_perpendicular_3
Class2,P3,Class2_example_0238,38.0,0.24152950981748778,38.00076757782812,38.00076757782812,1,119,[81],300,297,line_perpendicular_3
Class2,P3,Class2_example_0239,19.5,0.16519757760282083,19.500710738798322,7.000134555293937,2,113,"[81, 120]",300,297,line_perpendicular_3
Class2,P3,Class2_example_0240,2.0,0.007045093300566907,2.0000124082964117,2.0000124082964117,1,93,[95],300,297,line_perpendicular_3
Class2,P3,Class2_example_0241,2.0,0.006343927701239704,2.000010061329362,2.000010061329362,1,87,[89],300,297,line_perpendicular_3
Class2,P3,Class2_example_0242,3.0,0.00799251466478701,3.000010646696219,3.000010646696219,1,94,[97],300,297,line_perpendicular_3
Class2,P3,Class2_example_0243,18.5,0.18430711129176836,18.50094123322439,2.0000111631911173,2,101,"[66, 103]",300,297,line_perpendicular_3
Class2,P3,Class2_example_0244,4.0,0.0021991650501145266,4.000000604540819,4.000000604540819,1,79,[83],300,297,line_perpendicular_3
Class2,P3,Class2_example_0245,2.0,0.0025818917363304994,2.0000016665405402,2.0000016665405402,1,86,[88],300,297,line_perpendicular_3
Class2,P3,Class2_example_0246,19.0,0.0180749426075536,19.000013829406914,6.000021309059345,2,98,"[66, 104]",300,297,line_perpendicular_3
Class2,P3,Class2_example_0247,18.0,0.035607615405601756,18.000041553995423,5.000041354677696,2,95,"[64, 100]",300,297,line_perpendicular_3
Class2,P3,Class2_example_0248,18.0,0.04275486397245837,18.000052371409616,6.000032995523149,2,95,"[65, 101]",300,297,line_perpendicular_3
Class2,P3,Class2_example_0249,17.5,0.05270822188255514,17.50008060845375,6.000044169696457,2,93,"[64, 99]",300,297,line_perpendicular_3
Class2,P3,Class2_example_0250,6.0,0.01014600937522514,6.000008578452721,6.000008578452721,1,93,[99],300,297,line_perpendicular_3
Class2,P3,Class2_example_0251,19.5,0.12329040767101157,19.50039818917117,8.000080693085186,2,99,"[68, 107]",300,297,line_perpendicular_3
Class2,P3,Class2_example_0252,19.5,0.13327467162704487,19.500479797035894,9.000070156925776,2,103,"[73, 112]",300,297,line_perpendicular_3
Class2,P3,Class2_example_0253,17.5,0.11434848430460365,17.500385623296896,7.000061391358047,2,97,"[69, 104]",300,297,line_perpendicular_3
Class2,P3,Class2_example_0254,24.0,0.17010912332372924,24.00066476671504,6.000003485327467,2,113,"[71, 119]",300,297,line_perpendicular_3
Class2,P3,Class2_example_0255,16.0,0.05829483892221887,16.00010619615523,16.00010619615523,1,83,[99],300,297,line_perpendicular_3
Class2,P3,Class2_example_0256,8.0,0.027739618716726255,8.000048092758352,8.000048092758352,1,90,[98],300,297,line_perpendicular_3
Class2,P3,Class2_example_0257,11.0,0.05303330969748643,11.000127841617909,11.000127841617909,1,81,[92],300,297,line_perpendicular_3
Class2,P3,Class2_example_0258,2.0,0.011065905531102649,2.0000306133320116,2.0000306133320116,1,71,[73],300,297,line_perpendicular_3
Class2,P3,Class2_example_0259,6.0,0.015959595571442442,6.000021225686689,6.000021225686689,1,74,[80],300,297,line_perpendicular_3
Class2,P3,Class2_example_0260,6.0,0.058033686737953394,6.000280652502548,6.000280652502548,1,79,[85],300,297,line_perpendicular_3
Class2,P3,Class2_example_0261,16.0,0.07942778827933261,16.00019714795886,16.00019714795886,1,76,[92],300,297,line_perpendicular_3
Class2,P3,Class2_example_0262,10.0,0.04512902434799737,10.000101830923454,10.000101830923454,1,88,[98],300,297,line_perpendicular_3
Class2,P3,Class2_example_0263,16.0,0.10576253635222371,16.00034963282291,8.00016556567445,2,88,"[64, 96]",300,297,line_perpendicular_3
Class2,P3,Class2_example_0264,8.0,0.055616966175304317,8.000193325596985,8.000193325596985,1,85,[93],300,297,line_perpendicular_3
Class2,P3,Class2_example_0265,7.0,0.03560747825066679,7.000090563164692,7.000090563164692,1,86,[93],300,297,line_perpendicular_3
Class2,P3,Class2_example_0266,9.0,0.05103919980322169,9.00014472105402,9.00014472105402,1,81,[90],300,297,line_perpendicular_3
Class2,P3,Class2_example_0267,8.0,0.034035393069525965,8.000072400171225,8.000072400171225,1,80,[88],300,297,line_perpendicular_3
Class2,P3,Class2_example_0268,7.0,0.03283335453220637,7.000077001660042,7.000077001660042,1,80,[87],300,297,line_perpendicular_3
Class2,P3,Class2_example_0269,8.0,0.038079603196516265,8.000090627997885,8.000090627997885,1,84,[92],300,297,line_perpendicular_3
Class2,P3,Class2_example_0270,10.0,0.03652954503344241,10.000066720160438,10.000066720160438,1,87,[97],300,297,line_perpendicular_3
Class2,P3,Class2_example_0271,12.0,0.04967510367448014,12.00010281688974,12.00010281688974,1,88,[100],300,297,line_perpendicular_3
Class2,P3,Class2_example_0272,5.0,0.008540428804780564,5.000007293887097,5.000007293887097,1,87,[92],300,297,line_perpendicular_3
Class2,P3,Class2_example_0273,5.0,0.017202725565490518,5.000029593289112,5.000029593289112,1,80,[85],300,297,line_perpendicular_3
Class2,P3,Class2_example_0274,13.0,0.04842606945135408,13.000090195233359,13.000090195233359,1,83,[96],300,297,line_perpendicular_3
Class2,P3,Class2_example_0275,15.5,0.012116665086567058,15.50000555756729,3.000004733723073,2,92,"[64, 95]",300,297,line_perpendicular_3
Class2,P3,Class2_example_0276,16.0,0.02488980312062339,16.000024893481903,6.000032412595715,2,91,"[65, 97]",300,297,line_perpendicular_3
Class2,P3,Class2_example_0277,22.5,0.07860123920293621,22.500148378213787,9.000010232993244,2,83,"[92, 119]",300,297,line_perpendicular_3
Class2,P3,Class2_example_0278,5.0,0.017305286837237976,5.000029947205569,5.000029947205569,1,89,[94],300,297,line_perpendicular_3
Class2,P3,Class2_example_0279,6.0,0.014117178755839066,6.000016607871684,6.000016607871684,1,91,[97],300,297,line_perpendicular_3
Class2,P3,Class2_example_0280,19.5,0.1274836516148533,19.500443199700427,6.000021424081017,2,98,"[65, 104]",300,297,line_perpendicular_3
Class2,P3,Class2_example_0281,8.0,0.03119222451152781,8.000060809448263,8.000060809448263,1,88,[96],300,297,line_perpendicular_3
Class2,P3,Class2_example_0282,1.0,0.0026666182716470477,1.0000035554201827,1.0000035554201827,1,88,[87],300,297,line_perpendicular_3
Class2,P3,Class2_example_0283,7.0,0.025522723450832396,7.0000465290891,7.0000465290891,1,91,[98],300,297,line_perpendicular_3
Class2,P3,Class2_example_0284,22.5,0.2137834459628511,22.501068022588232,18.000423247697885,2,96,"[69, 114]",300,297,line_perpendicular_3
Class2,P3,Class2_example_0285,5.0,0.005309210807157516,5.0000028187711445,5.0000028187711445,1,93,[98],300,297,line_perpendicular_3
Class2,P3,Class2_example_0286,10.0,0.03830780961204172,10.000073374144675,10.000073374144675,1,85,[95],300,297,line_perpendicular_3
Class2,P3,Class2_example_0287,10.0,0.04499862801753052,10.000101243313663,10.000101243313663,1,93,[103],300,297,line_perpendicular_3
Class2,P3,Class2_example_0288,7.0,0.030793711912951216,7.000067732007554,7.000067732007554,1,94,[101],300,297,line_perpendicular_3
Class2,P3,Class2_example_0289,20.0,0.17885734160586486,20.00082771108507,7.000098719654457,2,110,"[77, 117]",300,297,line_perpendicular_3
Class2,P3,Class2_example_0290,20.0,0.1546719356023114,20.00060483564046,6.000100099542597,2,99,"[65, 105]",300,297,line_perpendicular_3
Class2,P3,Class2_example_0291,4.0,0.010871573522526323,4.000014773861574,4.000014773861574,1,82,[86],300,297,line_perpendicular_3
Class2,P3,Class2_example_0292,25.5,0.20539988690211447,25.50086441856161,5.000020651822207,2,75,"[80, 121]",300,297,line_perpendicular_3
Class2,P3,Class2_example_0293,14.5,0.0162273514085432,14.500022823755186,7.0000443572204505,2,90,"[68, 97]",300,297,line_perpendicular_3
Class2,P3,Class2_example_0294,7.0,0.03531619221612281,7.000089087535432,7.000089087535432,1,87,[94],300,297,line_perpendicular_3
Class2,P3,Class2_example_0295,6.0,0.014520150293925393,6.000017569537989,6.000017569537989,1,83,[89],300,297,line_perpendicular_3
Class2,P3,Class2_example_0296,10.0,0.03924645513570768,10.00007701391548,10.00007701391548,1,83,[93],300,297,line_perpendicular_3
Class2,P3,Class2_example_0297,23.0,0.18216950278759114,23.000761710445374,5.000016385914908,2,80,"[85, 121]",300,297,line_perpendicular_3
Class2,P3,Class2_example_0298,5.0,0.019524891834167724,5.000038121994785,5.000038121994785,1,85,[90],300,297,line_perpendicular_3
Class2,P3,Class2_example_0299,10.0,0.031199866794586084,10.000048671465954,10.000048671465954,1,75,[85],300,297,line_perpendicular_3
Class2,P3,Class2_example_0300,22.5,0.20998619716441147,22.50103258556038,5.000025738441382,2,79,"[84, 119]",300,297,line_perpendicular_3
Class3,P3,Class3_example_0001,14.0,0.07395014943573752,14.000195306659174,14.000195306659174,1,76,[90],300,284,line_perpendicular_3
Class3,P3,Class3_example_0002,9.0,0.04713187763585591,9.000123411036622,9.000123411036622,1,76,[85],300,284,line_perpendicular_3
Class3,P3,Class3_example_0003,20.5,0.09763787865891621,20.500237171713074,15.000239439722527,2,88,"[62, 103]",300,284,line_perpendicular_3
Class3,P3,Class3_example_0004,19.5,0.0745346288413154,19.5001498105687,14.00017385960847,2,88,"[63, 102]",300,284,line_perpendicular_3
Class3,P3,Class3_example_0005,17.0,0.07951764370815789,17.00018624365856,9.000111417542856,2,87,"[62, 96]",300,284,line_perpendicular_3
Class3,P3,Class3_example_0006,15.0,0.054354904369975365,15.000098481531015,15.000098481531015,1,81,[66],300,284,line_perpendicular_3
Class3,P3,Class3_example_0007,6.0,0.030899697826309636,6.000079565416259,6.000079565416259,1,72,[78],300,284,line_perpendicular_3
Class3,P3,Class3_example_0008,15.0,0.02776473626713649,15.000033100410006,4.000038442351323,2,81,"[55, 85]",300,284,line_perpendicular_3
Class3,P3,Class3_example_0009,15.0,0.017968014884763128,15.000026392540791,4.00004759881406,2,80,"[54, 84]",300,284,line_perpendicular_3
Class3,P3,Class3_example_0010,4.0,0.004162854152744866,4.000002166168751,4.000002166168751,1,64,[68],300,284,line_perpendicular_3
Class3,P3,Class3_example_0011,1.0,0.0006679477125828281,1.0000002230770484,1.0000002230770484,1,65,[66],300,284,line_perpendicular_3
Class3,P3,Class3_example_0012,7.0,0.03418654499082485,7.000083479492114,7.000083479492114,1,72,[79],300,284,line_perpendicular_3
Class3,P3,Class3_example_0013,1.0,0.0021989228076458867,1.0000024176278346,1.0000024176278346,1,69,[70],300,284,line_perpendicular_3
Class3,P3,Class3_example_0014,5.0,0.012952577631599294,5.000016776898584,5.000016776898584,1,71,[76],300,284,line_perpendicular_3
Class3,P3,Class3_example_0015,4.0,0.014652955656466737,4.000026838548646,4.000026838548646,1,56,[60],300,284,line_perpendicular_3
Class3,P3,Class3_example_0016,18.0,0.12103784823665309,18.00043614659766,3.0000008436485235,2,86,"[53, 89]",300,284,line_perpendicular_3
Class3,P3,Class3_example_0017,2.0,0.0027450788622865874,2.000001883863603,2.000001883863603,1,76,[74],300,284,line_perpendicular_3
Class3,P3,Class3_example_0018,2.0,9.289973842807608e-05,2.00000000215759,2.00000000215759,1,74,[76],300,284,line_perpendicular_3
Class3,P3,Class3_example_0019,36.0,0.1749369583414635,36.00042503831578,36.00042503831578,1,113,[77],300,284,line_perpendicular_3
Class3,P3,Class3_example_0020,28.0,0.1426938730593853,28.00036359659297,28.00036359659297,1,103,[75],300,284,line_perpendicular_3
Class3,P3,Class3_example_0021,17.0,0.054530171789543336,17.00009073108731,7.000068581504291,2,85,"[58, 92]",300,284,line_perpendicular_3
Class3,P3,Class3_example_0022,16.5,0.019031027541596524,16.50002080759739,4.000033503548609,2,87,"[58, 91]",300,284,line_perpendicular_3
Class3,P3,Class3_example_0023,20.5,0.06910411085458334,20.500125310053242,15.000158247313587,2,82,"[56, 97]",300,284,line_perpendicular_3
Class3,P3,Class3_example_0024,15.0,0.025084026536924042,15.0000331223678,5.0000510347970355,2,77,"[52, 82]",300,284,line_perpendicular_3
Class3,P3,Class3_example_0025,14.5,0.04313253740570355,14.500065595140335,4.000033456129435,2,79,"[54, 83]",300,284,line_perpendicular_3
Class3,P3,Class3_example_0026,17.5,0.0778187112190783,17.500175721840208,6.0000963887734144,2,92,"[63, 98]",300,284,line_perpendicular_3
Class3,P3,Class3_example_0027,17.0,0.06827987127111446,17.000139123490985,6.000076960413635,2,88,"[60, 94]",300,284,line_perpendicular_3
Class3,P3,Class3_example_0028,18.0,0.10684905679187418,18.000317303417916,6.000094893439772,2,95,"[65, 101]",300,284,line_perpendicular_3
Class3,P3,Class3_example_0029,16.5,0.04430687127423316,16.500062831340752,3.000033112989773,2,89,"[59, 92]",300,284,line_perpendicular_3
Class3,P3,Class3_example_0030,17.0,0.07117282215717563,17.000150122338844,6.000074288860886,2,90,"[62, 96]",300,284,line_perpendicular_3
Class3,P3,Class3_example_0031,16.5,0.053294885064026576,16.50008631294915,4.0000272508427,2,88,"[59, 92]",300,284,line_perpendicular_3
Class3,P3,Class3_example_0032,18.0,0.061631644856179335,18.000106418561664,6.000051256935795,2,94,"[64, 100]",300,284,line_perpendicular_3
Class3,P3,Class3_example_0033,17.5,0.09261700763107805,17.500248503893815,7.000057169359379,2,86,"[58, 93]",300,284,line_perpendicular_3
Class3,P3,Class3_example_0034,17.5,0.045369637471671664,17.50006373803234,5.000049074436159,2,88,"[58, 93]",300,284,line_perpendicular_3
Class3,P3,Class3_example_0035,16.5,0.052080382419534166,16.50008850526939,5.0000682878287,2,86,"[58, 91]",300,284,line_perpendicular_3
Class3,P3,Class3_example_0036,16.0,0.03663160481247718,16.00004374919677,4.000025203848368,2,85,"[57, 89]",300,284,line_perpendicular_3
Class3,P3,Class3_example_0037,7.0,0.02058377628569119,7.000030263637878,7.000030263637878,1,73,[80],300,284,line_perpendicular_3
Class3,P3,Class3_example_0038,11.0,0.06493242498242813,11.000191644685746,11.000191644685746,1,77,[88],300,284,line_perpendicular_3
Class3,P3,Class3_example_0039,17.5,0.04751754757860216,17.50007632201263,8.000094075318977,2,79,"[52, 87]",300,284,line_perpendicular_3
Class3,P3,Class3_example_0040,18.5,0.04900846369788564,18.500069480444918,7.000058939233336,2,82,"[52, 89]",300,284,line_perpendicular_3
Class3,P3,Class3_example_0041,17.0,0.05544341499676647,17.000091606269446,7.00005594227387,2,88,"[61, 95]",300,284,line_perpendicular_3
Class3,P3,Class3_example_0042,0.0,0.0,0.0,0.0,1,74,[74],300,284,line_perpendicular_3
Class3,P3,Class3_example_0043,4.0,0.004244914342658168,4.000002252411588,4.000002252411588,1,73,[77],300,284,line_perpendicular_3
Class3,P3,Class3_example_0044,10.0,0.03219976432884408,10.000051841106767,10.000051841106767,1,73,[83],300,284,line_perpendicular_3
Class3,P3,Class3_example_0045,14.0,0.013054956643180626,14.00002249775894,3.0000429745725192,2,82,"[57, 85]",300,284,line_perpendicular_3
Class3,P3,Class3_example_0046,18.5,0.10010930983859329,18.500273904911477,7.000062430481726,2,96,"[66, 103]",300,284,line_perpendicular_3
Class3,P3,Class3_example_0047,16.0,0.10306832439440389,16.00033489846241,6.000177948361656,2,84,"[58, 90]",300,284,line_perpendicular_3
Class3,P3,Class3_example_0048,30.0,0.28233606334468053,30.00132853146115,30.00132853146115,1,99,[69],300,284,line_perpendicular_3
Class3,P3,Class3_example_0049,19.0,0.11995808406811653,19.00037944896162,10.000230518138368,2,97,"[69, 107]",300,284,line_perpendicular_3
Class3,P3,Class3_example_0050,18.5,0.1343772423420601,18.50048860430714,8.00023957946867,2,93,"[64, 101]",300,284,line_perpendicular_3
Class3,P3,Class3_example_0051,18.5,0.1332345648937125,18.500486844461612,8.000122583336877,2,92,"[63, 100]",300,284,line_perpendicular_3
Class3,P3,Class3_example_0052,18.5,0.13259682484120544,18.50048065323681,12.000220133708508,2,89,"[64, 101]",300,284,line_perpendicular_3
Class3,P3,Class3_example_0053,17.0,0.11900265239206104,17.000416522913582,8.000192654663987,2,91,"[65, 99]",300,284,line_perpendicular_3
Class3,P3,Class3_example_0054,18.5,0.08963611538174726,18.50022473139712,9.000186743229714,2,92,"[64, 101]",300,284,line_perpendicular_3
Class3,P3,Class3_example_0055,19.5,0.13374967282639838,19.50046485784638,11.000171837062139,2,92,"[64, 103]",300,284,line_perpendicular_3
Class3,P3,Class3_example_0056,5.0,0.002849923062000159,5.00000081220608,5.00000081220608,1,70,[65],300,284,line_perpendicular_3
Class3,P3,Class3_example_0057,16.0,0.05096174619136168,16.00012459879659,8.000208582166014,2,83,"[59, 91]",300,284,line_perpendicular_3
Class3,P3,Class3_example_0058,11.0,0.037257276498998126,11.00006309548505,11.00006309548505,1,79,[68],300,284,line_perpendicular_3
Class3,P3,Class3_example_0059,6.0,0.028202144978069832,6.000066279715697,6.000066279715697,1,72,[78],300,284,line_perpendicular_3
Class3,P3,Class3_example_0060,5.0,0.022264195311236912,5.000049569193576,5.000049569193576,1,73,[78],300,284,line_perpendicular_3
Class3,P3,Class3_example_0061,6.0,0.036138751302102534,6.000108833125085,6.000108833125085,1,72,[78],300,284,line_perpendicular_3
Class3,P3,Class3_example_0062,17.5,0.009743086202258389,17.500002765567963,7.000001778853866,2,89,"[61, 96]",300,284,line_perpendicular_3
Class3,P3,Class3_example_0063,19.5,0.08950393735586237,19.500211021873387,8.000038346280347,2,96,"[65, 104]",300,284,line_perpendicular_3
Class3,P3,Class3_example_0064,18.5,0.0318618961089453,18.500027642018573,6.00001273607539,2,88,"[57, 94]",300,284,line_perpendicular_3
Class3,P3,Class3_example_0065,17.5,0.06603291376338782,17.50013799717199,12.000180682924862,2,76,"[53, 88]",300,284,line_perpendicular_3
Class3,P3,Class3_example_0066,17.0,0.05137365853607939,17.000090550995942,7.000103725737805,2,84,"[57, 91]",300,284,line_perpendicular_3
Class3,P3,Class3_example_0067,17.5,0.05019221820488734,17.50007408310753,9.00006166066288,2,81,"[55, 90]",300,284,line_perpendicular_3
Class3,P3,Class3_example_0068,15.0,0.08167422438046251,15.000240560007578,5.0001993089282495,2,88,"[63, 93]",300,284,line_perpendicular_3
Class3,P3,Class3_example_0069,17.5,0.06349828847813604,17.50013040048727,6.0001277697042585,2,93,"[64, 99]",300,284,line_perpendicular_3
Class3,P3,Class3_example_0070,15.5,0.03303631442599242,15.50005271981927,4.000072890149835,2,87,"[60, 91]",300,284,line_perpendicular_3
Class3,P3,Class3_example_0071,17.0,0.03917983479848425,17.0000462351936,6.000007044490284,2,88,"[60, 94]",300,284,line_perpendicular_3
Class3,P3,Class3_example_0072,16.5,0.040235202660057534,16.500049543889716,6.000026178839309,2,88,"[61, 94]",300,284,line_perpendicular_3
Class3,P3,Class3_example_0073,16.5,0.032003014863634605,16.50003336132101,7.00003072220659,2,87,"[61, 94]",300,284,line_perpendicular_3
Class3,P3,Class3_example_0074,32.0,0.1690084412366416,32.00044630709405,32.00044630709405,1,103,[71],300,284,line_perpendicular_3
Class3,P3,Class3_example_0075,18.5,0.12424703496784828,18.50042208065992,10.000152623006587,2,96,"[69, 106]",300,284,line_perpendicular_3
Class3,P3,Class3_example_0076,12.0,0.015118403476991615,12.000015381833444,4.00002407297688,2,75,"[55, 79]",300,284,line_perpendicular_3
Class3,P3,Class3_example_0077,20.5,0.08579042526987496,20.500179840872203,8.000058391614397,2,93,"[60, 101]",300,284,line_perpendicular_3
Class3,P3,Class3_example_0078,3.0,0.007415516626601115,3.0000091649671403,3.0000091649671403,1,74,[77],300,284,line_perpendicular_3
Class3,P3,Class3_example_0079,15.0,0.012944283792028222,15.000006407954597,4.000005830457873,2,78,"[52, 82]",300,284,line_perpendicular_3
Class3,P3,Class3_example_0080,15.5,0.041950335323498344,15.500060676736418,7.000056599772838,2,82,"[58, 89]",300,284,line_perpendicular_3
Class3,P3,Class3_example_0081,18.5,0.11250243775187202,18.500346656126652,9.000241307495536,2,92,"[64, 101]",300,284,line_perpendicular_3
Class3,P3,Class3_example_0082,17.5,0.12304799106046577,17.50043425172405,7.000218605372458,2,94,"[66, 101]",300,284,line_perpendicular_3
Class3,P3,Class3_example_0083,16.0,0.08657692254133453,16.00024927217644,6.000204934217595,2,88,"[62, 94]",300,284,line_perpendicular_3
Class3,P3,Class3_example_0084,17.0,0.10562602408676752,17.000342197655765,7.000267296568789,2,90,"[63, 97]",300,284,line_perpendicular_3
Class3,P3,Class3_example_0085,16.5,0.0929773276620196,16.500261966271296,9.000140813095348,2,85,"[61, 94]",300,284,line_perpendicular_3
Class3,P3,Class3_example_0086,16.5,0.07720724840953097,16.50018931923798,9.000181721585962,2,79,"[55, 88]",300,284,line_perpendicular_3
Class3,P3,Class3_example_0087,15.5,0.07339930807270578,15.500184474228957,7.000167105550211,2,82,"[58, 89]",300,284,line_perpendicular_3
Class3,P3,Class3_example_0088,17.5,0.11193451887663913,17.500358342278286,7.000125487942784,2,90,"[62, 97]",300,284,line_perpendicular_3
Class3,P3,Class3_example_0089,17.5,0.133806602870309,17.50051246380997,8.000271759281459,2,89,"[62, 97]",300,284,line_perpendicular_3
Class3,P3,Class3_example_0090,17.5,0.10546652647060184,17.500319784979972,7.000170454558028,2,95,"[67, 102]",300,284,line_perpendicular_3
Class3,P3,Class3_example_0091,,,,,0,69,[],300,284,line_perpendicular_3
Class3,P3,Class3_example_0092,10.0,0.012817677347331302,10.000008214639255,10.000008214639255,1,71,[61],300,284,line_perpendicular_3
Class3,P3,Class3_example_0093,5.0,0.01419719009026521,5.000020155980019,5.000020155980019,1,75,[70],300,284,line_perpendicular_3
Class3,P3,Class3_example_0094,19.0,0.05467125143668916,19.000078656303863,19.000078656303863,1,74,[55],300,284,line_perpendicular_3
Class3,P3,Class3_example_0095,3.0,0.0047895941972559974,3.0000038233663258,3.0000038233663258,1,79,[76],300,284,line_perpendicular_3
Class3,P3,Class3_example_0096,12.0,0.0422793179169334,12.000074480632339,12.000074480632339,1,65,[53],300,284,line_perpendicular_3
Class3,P3,Class3_example_0097,7.0,0.0005485833799927509,7.00000002149598,7.00000002149598,1,70,[63],300,284,line_perpendicular_3
Class3,P3,Class3_example_0098,12.0,0.0206967401767435,12.000017848113975,12.000017848113975,1,73,[61],300,284,line_perpendicular_3
Class3,P3,Class3_example_0099,,,,,0,66,[],300,284,line_perpendicular_3
Class3,P3,Class3_example_0100,16.5,0.04507150545438737,16.500077272846774,9.000111841459315,2,82,"[58, 91]",300,284,line_perpendicular_3
Class3,P3,Class3_example_0101,9.0,0.010659707971770738,9.000006312740789,9.000006312740789,1,75,[66],300,284,line_perpendicular_3
Class3,P3,Class3_example_0102,0.0,0.0,0.0,0.0,1,75,[75],300,284,line_perpendicular_3
Class3,P3,Class3_example_0103,14.0,0.06532085796000947,14.00015735583542,4.000013537480959,2,79,"[55, 83]",300,284,line_perpendicular_3
Class3,P3,Class3_example_0104,5.0,0.0015732138364252801,5.0000002475001715,5.0000002475001715,1,74,[69],300,284,line_perpendicular_3
Class3,P3,Class3_example_0105,4.0,0.0003474134364565007,4.000000015087012,4.000000015087012,1,72,[68],300,284,line_perpendicular_3
Class3,P3,Class3_example_0106,16.0,0.04735689854545422,16.00007221543696,5.000043252011569,2,79,"[52, 84]",300,284,line_perpendicular_3
Class3,P3,Class3_example_0107,16.5,0.0331518354817637,16.50006030092894,6.000102547384208,2,86,"[59, 92]",300,284,line_perpendicular_3
Class3,P3,Class3_example_0108,16.0,0.024029001616214907,16.000025571383844,8.000040499905973,2,85,"[61, 93]",300,284,line_perpendicular_3
Class3,P3,Class3_example_0109,17.5,0.0353784075129675,17.50003579714911,9.000020436496364,2,83,"[57, 92]",300,284,line_perpendicular_3
Class3,P3,Class3_example_0110,8.0,0.046871095997568224,8.000137305049208,8.000137305049208,1,85,[93],300,284,line_perpendicular_3
Class3,P3,Class3_example_0111,,,,,0,58,[],300,284,line_perpendicular_3
Class3,P3,Class3_example_0112,14.0,0.04929942140392801,14.000097567245062,3.000075646827486,2,83,"[58, 86]",300,284,line_perpendicular_3
Class3,P3,Class3_example_0113,13.5,0.03332061662249708,13.500057024603771,8.000093460011417,2,77,"[58, 85]",300,284,line_perpendicular_3
Class3,P3,Class3_example_0114,11.0,0.05243301178636772,11.000124963868592,11.000124963868592,1,70,[59],300,284,line_perpendicular_3
Class3,P3,Class3_example_0115,11.0,0.046558726443539644,11.000098532059067,11.000098532059067,1,68,[57],300,284,line_perpendicular_3
Class3,P3,Class3_example_0116,,,,,0,66,[],300,284,line_perpendicular_3
Class3,P3,Class3_example_0117,,,,,0,59,[],300,284,line_perpendicular_3
Class3,P3,Class3_example_0118,14.0,0.058558541099005657,14.000129436566855,6.0001113880476735,2,76,"[54, 82]",300,284,line_perpendicular_3
Class3,P3,Class3_example_0119,16.0,0.08970353881287474,16.000251458176386,16.000251458176386,1,72,[56],300,284,line_perpendicular_3
Class3,P3,Class3_example_0120,28.0,0.23790181235215857,28.001010647337722,28.001010647337722,1,93,[65],300,284,line_perpendicular_3
Class3,P3,Class3_example_0121,17.0,0.13227524736912272,17.000514677357565,8.00023173140105,2,87,"[61, 95]",300,284,line_perpendicular_3
Class3,P3,Class3_example_0122,15.5,0.10055167291475908,15.5003271167328,6.000155931939282,2,84,"[59, 90]",300,284,line_perpendicular_3
Class3,P3,Class3_example_0123,17.5,0.11888402203505416,17.500403810015158,7.000163270859276,2,93,"[65, 100]",300,284,line_perpendicular_3
Class3,P3,Class3_example_0124,29.0,0.24210955555720004,29.00101062095754,29.00101062095754,1,86,[57],300,284,line_perpendicular_3
Class3,P3,Class3_example_0125,4.0,0.02769018701230641,4.000095842158882,4.000095842158882,1,78,[82],300,284,line_perpendicular_3
Class3,P3,Class3_example_0126,29.0,0.2934734854418559,29.001484904857154,29.001484904857154,1,87,[58],300,284,line_perpendicular_3
Class3,P3,Class3_example_0127,4.0,0.007191312556135365,4.000006464366812,4.000006464366812,1,81,[85],300,284,line_perpendicular_3
Class3,P3,Class3_example_0128,2.0,0.0072864442452795775,2.0000132730233915,2.0000132730233915,1,78,[80],300,284,line_perpendicular_3
Class3,P3,Class3_example_0129,18.0,0.07361949713641591,18.00015290053162,5.000019845964959,2,84,"[53, 89]",300,284,line_perpendicular_3
Class3,P3,Class3_example_0130,6.0,0.0196160836082645,6.000032065808993,6.000032065808993,1,86,[92],300,284,line_perpendicular_3
Class3,P3,Class3_example_0131,19.0,0.05301561623995027,19.00007725740911,6.0000516663256365,2,90,"[58, 96]",300,284,line_perpendicular_3
Class3,P3,Class3_example_0132,18.5,0.05351368902441156,18.500081120283365,8.00006725598905,2,87,"[58, 95]",300,284,line_perpendicular_3
Class3,P3,Class3_example_0133,15.0,0.09156307843710632,15.000279457307883,15.000279457307883,1,82,[67],300,284,line_perpendicular_3
Class3,P3,Class3_example_0134,6.0,0.034639331078813895,6.000099989438308,6.000099989438308,1,83,[89],300,284,line_perpendicular_3
Class3,P3,Class3_example_0135,17.0,0.09627375654945497,17.000281522918286,10.000262812450442,2,81,"[57, 91]",300,284,line_perpendicular_3
Class3,P3,Class3_example_0136,19.0,0.10668501184095491,19.000299838724153,10.000175437497125,2,93,"[65, 103]",300,284,line_perpendicular_3
Class3,P3,Class3_example_0137,16.5,0.07010374048815116,16.500167030421185,6.000163894692845,2,83,"[56, 89]",300,284,line_perpendicular_3
Class3,P3,Class3_example_0138,17.0,0.09451902943668367,17.000263017633593,6.000080574701093,2,86,"[58, 92]",300,284,line_perpendicular_3
Class3,P3,Class3_example_0139,,,,,0,55,[],300,284,line_perpendicular_3
Class3,P3,Class3_example_0140,,,,,0,63,[],300,284,line_perpendicular_3
Class3,P3,Class3_example_0141,10.0,0.005850785081324528,10.000001711584158,10.000001711584158,1,64,[54],300,284,line_perpendicular_3
Class3,P3,Class3_example_0142,15.0,0.007633710286752637,15.00001299510988,4.000025976267418,2,79,"[53, 83]",300,284,line_perpendicular_3
Class3,P3,Class3_example_0143,16.0,0.026485027020411445,16.0000291269833,5.000037265372061,2,82,"[55, 87]",300,284,line_perpendicular_3
Class3,P3,Class3_example_0144,15.0,0.014123350554995417,15.000018562526424,6.000035961549441,2,83,"[59, 89]",300,284,line_perpendicular_3
Class3,P3,Class3_example_0145,17.0,0.0067832731921987355,17.000006362131952,5.000012630835626,2,87,"[58, 92]",300,284,line_perpendicular_3
Class3,P3,Class3_example_0146,17.0,0.022658715614689406,17.000032188816796,10.00006228471354,2,84,"[60, 94]",300,284,line_perpendicular_3
Class3,P3,Class3_example_0147,15.5,0.0037264151654901045,15.500003159198796,4.000006316200964,2,85,"[58, 89]",300,284,line_perpendicular_3
Class3,P3,Class3_example_0148,13.0,0.05334246098538531,13.000109438698736,13.000109438698736,1,79,[66],300,284,line_perpendicular_3
Class3,P3,Class3_example_0149,16.5,0.04446634042186015,16.50006066765687,7.0000375712831415,2,83,"[57, 90]",300,284,line_perpendicular_3
Class3,P3,Class3_example_0150,22.0,0.059910695971395644,22.000081574655393,22.000081574655393,1,68,[90],300,284,line_perpendicular_3
Class3,P3,Class3_example_0151,17.5,0.053980002739414834,17.500086849683587,13.000099814375314,2,78,"[56, 91]",300,284,line_perpendicular_3
Class3,P3,Class3_example_0152,16.0,0.021734221995298786,16.00005020630551,7.000099664872132,2,83,"[58, 90]",300,284,line_perpendicular_3
Class3,P3,Class3_example_0153,6.0,0.02309362267953552,6.000044442786109,6.000044442786109,1,80,[86],300,284,line_perpendicular_3
Class3,P3,Class3_example_0154,15.5,0.028457677715064578,15.500028100570384,5.0000223150333705,2,80,"[54, 85]",300,284,line_perpendicular_3
Class3,P3,Class3_example_0155,20.0,0.10530905277089608,20.000277247993225,20.000277247993225,1,72,[52],300,284,line_perpendicular_3
Class3,P3,Class3_example_0156,,,,,0,69,[],300,284,line_perpendicular_3
Class3,P3,Class3_example_0157,12.0,0.04868992766090385,12.00009877913743,12.00009877913743,1,75,[63],300,284,line_perpendicular_3
Class3,P3,Class3_example_0158,3.0,0.014434183781014243,3.0000347240759435,3.0000347240759435,1,79,[82],300,284,line_perpendicular_3
Class3,P3,Class3_example_0159,16.0,0.09726116247349825,16.000295613948065,16.000295613948065,1,70,[54],300,284,line_perpendicular_3
Class3,P3,Class3_example_0160,16.5,0.024142466920354988,16.500038317351,8.000072600488828,2,78,"[53, 86]",300,284,line_perpendicular_3
Class3,P3,Class3_example_0161,7.0,0.023002702990515767,7.000037794494032,7.000037794494032,1,61,[54],300,284,line_perpendicular_3
Class3,P3,Class3_example_0162,7.0,0.013924482217457457,7.000013849358087,7.000013849358087,1,65,[58],300,284,line_perpendicular_3
Class3,P3,Class3_example_0163,9.0,0.01732978860179124,9.000016684516368,9.000016684516368,1,78,[69],300,284,line_perpendicular_3
Class3,P3,Class3_example_0164,0.0,0.0,0.0,0.0,1,76,[76],300,284,line_perpendicular_3
Class3,P3,Class3_example_0165,4.0,0.0005116236751655512,4.000000032719848,4.000000032719848,1,60,[56],300,284,line_perpendicular_3
Class3,P3,Class3_example_0166,2.0,0.0030421166785363773,2.0000023136171334,2.0000023136171334,1,77,[75],300,284,line_perpendicular_3
Class3,P3,Class3_example_0167,6.0,0.0017009815716247934,6.000000241111521,6.000000241111521,1,73,[67],300,284,line_perpendicular_3
Class3,P3,Class3_example_0168,9.0,0.03068946845963505,9.00005232448536,9.00005232448536,1,61,[52],300,284,line_perpendicular_3
Class3,P3,Class3_example_0169,7.0,0.0003718113160611214,7.0000000098745465,7.0000000098745465,1,65,[58],300,284,line_perpendicular_3
Class3,P3,Class3_example_0170,12.0,0.012425325373749407,12.00000643286122,12.00000643286122,1,71,[59],300,284,line_perpendicular_3
Class3,P3,Class3_example_0171,12.0,0.02005180186835276,12.00001675310323,12.00001675310323,1,67,[55],300,284,line_perpendicular_3
Class3,P3,Class3_example_0172,,,,,0,52,[],300,284,line_perpendicular_3
Class3,P3,Class3_example_0173,33.0,0.2528313927298389,33.000968526895534,33.000968526895534,1,102,[69],300,284,line_perpendicular_3
Class3,P3,Class3_example_0174,17.5,0.1265506997590578,17.50045758335126,4.000101211144805,2,95,"[64, 99]",300,284,line_perpendicular_3
Class3,P3,Class3_example_0175,18.0,0.09975770587316596,18.000285565302317,5.000023006601464,2,93,"[62, 98]",300,284,line_perpendicular_3
Class3,P3,Class3_example_0176,17.5,0.1211846383431176,17.500419641101118,4.000102072329035,2,94,"[63, 98]",300,284,line_perpendicular_3
Class3,P3,Class3_example_0177,31.0,0.28626384716600317,31.001321697472743,31.001321697472743,1,99,[68],300,284,line_perpendicular_3
Class3,P3,Class3_example_0178,20.0,0.13696099777131332,20.000468969809404,3.0000673625296,2,100,"[63, 103]",300,284,line_perpendicular_3
Class3,P3,Class3_example_0179,31.0,0.2599239585980885,31.001089665756158,31.001089665756158,1,96,[65],300,284,line_perpendicular_3
Class3,P3,Class3_example_0180,36.0,0.33138602455928035,36.001525199597765,36.001525199597765,1,104,[68],300,284,line_perpendicular_3
Class3,P3,Class3_example_0181,18.5,0.09057817269405999,18.5002232969776,7.000057311807757,2,97,"[67, 104]",300,284,line_perpendicular_3
Class3,P3,Class3_example_0182,12.0,0.07086314809715244,12.00020923091586,12.00020923091586,1,75,[87],300,284,line_perpendicular_3
Class3,P3,Class3_example_0183,7.0,0.034222154084909584,7.000083653488022,7.000083653488022,1,71,[78],300,284,line_perpendicular_3
Class3,P3,Class3_example_0184,5.0,0.029895800109582815,5.0000893750876285,5.0000893750876285,1,86,[91],300,284,line_perpendicular_3
Class3,P3,Class3_example_0185,,,,,0,81,[],300,284,line_perpendicular_3
Class3,P3,Class3_example_0186,11.0,0.04695180359703244,11.00010020281002,11.00010020281002,1,76,[87],300,284,line_perpendicular_3
Class3,P3,Class3_example_0187,13.0,0.05568299881088001,13.000119253159049,13.000119253159049,1,81,[94],300,284,line_perpendicular_3
Class3,P3,Class3_example_0188,15.5,0.05422938635812358,15.500095160672371,5.000023306809364,2,89,"[63, 94]",300,284,line_perpendicular_3
Class3,P3,Class3_example_0189,13.0,0.03634307112789337,13.00005080062455,13.00005080062455,1,73,[60],300,284,line_perpendicular_3
Class3,P3,Class3_example_0190,13.5,0.06979394302204228,13.500194108993862,3.0000019528155226,2,79,"[55, 82]",300,284,line_perpendicular_3
Class3,P3,Class3_example_0191,8.0,0.02383261836359929,8.000035499527366,8.000035499527366,1,73,[81],300,284,line_perpendicular_3
Class3,P3,Class3_example_0192,5.0,0.009420218339440511,5.000008874043481,5.000008874043481,1,66,[71],300,284,line_perpendicular_3
Class3,P3,Class3_example_0193,3.0,0.007717045669425104,3.0000099254492247,3.0000099254492247,1,69,[72],300,284,line_perpendicular_3
Class3,P3,Class3_example_0194,5.0,0.011066936208417588,5.000012247692704,5.000012247692704,1,72,[77],300,284,line_perpendicular_3
Class3,P3,Class3_example_0195,8.0,0.006425604532856788,8.000002580524185,8.000002580524185,1,73,[81],300,284,line_perpendicular_3
Class3,P3,Class3_example_0196,5.0,0.0019553379634607015,5.00000038233464,5.00000038233464,1,70,[75],300,284,line_perpendicular_3
Class3,P3,Class3_example_0197,7.0,0.0006683023484012063,7.000000031902002,7.000000031902002,1,72,[79],300,284,line_perpendicular_3
Class3,P3,Class3_example_0198,5.0,0.0018937860492979075,5.000000358642547,5.000000358642547,1,70,[75],300,284,line_perpendicular_3
Class3,P3,Class3_example_0199,8.0,0.018323083049425093,8.000020983433258,8.000020983433258,1,70,[78],300,284,line_perpendicular_3
Class3,P3,Class3_example_0200,5.0,0.012724419496764061,5.000016191058938,5.000016191058938,1,70,[75],300,284,line_perpendicular_3
Class3,P3,Class3_example_0201,12.0,0.0064780977308119825,12.000001748572798,12.000001748572798,1,81,[69],300,284,line_perpendicular_3
Class3,P3,Class3_example_0202,20.0,0.023731052649852535,20.00003141721897,7.000057281870282,2,92,"[59, 99]",300,284,line_perpendicular_3
Class3,P3,Class3_example_0203,14.5,0.002569590153928769,14.500002213178592,2.000004410023208,2,81,"[54, 83]",300,284,line_perpendicular_3
Class3,P3,Class3_example_0204,16.5,0.03951475226244805,16.500049022956812,4.000002737351801,2,87,"[58, 91]",300,284,line_perpendicular_3
Class3,P3,Class3_example_0205,17.0,0.018656341176852442,17.000011601176155,5.00001063195677,2,90,"[61, 95]",300,284,line_perpendicular_3
Class3,P3,Class3_example_0206,14.5,0.023774845084554908,14.500019524733677,3.000003107077105,2,79,"[53, 82]",300,284,line_perpendicular_3
Class3,P3,Class3_example_0207,15.5,0.018752894571435974,15.500012791578781,4.000010882315963,2,82,"[55, 86]",300,284,line_perpendicular_3
Class3,P3,Class3_example_0208,14.5,0.021569402540568827,14.50001681536185,3.0000089934342955,2,83,"[57, 86]",300,284,line_perpendicular_3
Class3,P3,Class3_example_0209,14.5,0.019840965694028434,14.500013584323936,4.000004262293975,2,84,"[59, 88]",300,284,line_perpendicular_3
Class3,P3,Class3_example_0210,6.0,0.0019704671129520124,6.000000323561712,6.000000323561712,1,58,[52],300,284,line_perpendicular_3
Class3,P3,Class3_example_0211,21.0,0.05522218551559882,21.000098524393334,16.00017167242798,2,82,"[56, 98]",300,284,line_perpendicular_3
Class3,P3,Class3_example_0212,12.0,0.03725835190129856,12.00005784089337,12.00005784089337,1,82,[70],300,284,line_perpendicular_3
Class3,P3,Class3_example_0213,13.0,0.08376249284103321,13.000269849322626,13.000269849322626,1,74,[61],300,284,line_perpendicular_3
Class3,P3,Class3_example_0214,10.0,0.0006260761868048803,10.00000001959857,10.00000001959857,1,68,[58],300,284,line_perpendicular_3
Class3,P3,Class3_example_0215,14.0,0.07386106211027277,14.000194836376245,14.000194836376245,1,77,[63],300,284,line_perpendicular_3
Class3,P3,Class3_example_0216,9.0,0.02676872956425025,9.000039809072096,9.000039809072096,1,70,[61],300,284,line_perpendicular_3
Class3,P3,Class3_example_0217,12.0,0.017703716944005632,12.000013059225962,12.000013059225962,1,74,[62],300,284,line_perpendicular_3
Class3,P3,Class3_example_0218,11.0,0.03502449696367749,11.000055759649019,11.000055759649019,1,76,[65],300,284,line_perpendicular_3
Class3,P3,Class3_example_0219,8.0,0.00921123518662803,8.000005302926597,8.000005302926597,1,76,[68],300,284,line_perpendicular_3
Class3,P3,Class3_example_0220,15.0,0.06287192456808666,15.000131762051256,15.000131762051256,1,77,[62],300,284,line_perpendicular_3
Class3,P3,Class3_example_0221,16.5,0.10354590706718053,16.500334370130297,4.000167832682361,2,90,"[61, 94]",300,284,line_perpendicular_3
Class3,P3,Class3_example_0222,18.0,0.11761078491087507,18.000388117584293,7.000216904499401,2,91,"[62, 98]",300,284,line_perpendicular_3
Class3,P3,Class3_example_0223,14.5,0.027733042140929254,14.500029613200427,4.000025137037414,2,82,"[57, 86]",300,284,line_perpendicular_3
Class3,P3,Class3_example_0224,14.0,0.01785948141978444,14.000011391462387,14.000011391462387,1,77,[63],300,284,line_perpendicular_3
Class3,P3,Class3_example_0225,16.5,0.08195891696234447,16.50020765344689,9.000168466208775,2,82,"[58, 91]",300,284,line_perpendicular_3
Class3,P3,Class3_example_0226,17.0,0.08041038345953577,17.000205913963534,9.000220391407098,2,80,"[55, 89]",300,284,line_perpendicular_3
Class3,P3,Class3_example_0227,16.0,0.05664152356752028,16.000126177535943,5.000149108125671,2,84,"[57, 89]",300,284,line_perpendicular_3
Class3,P3,Class3_example_0228,15.5,0.05291553426646439,15.500093088387873,6.000064394197179,2,79,"[54, 85]",300,284,line_perpendicular_3
Class3,P3,Class3_example_0229,14.0,0.05749426756261111,14.000132924853089,6.000142726132693,2,78,"[56, 84]",300,284,line_perpendicular_3
Class3,P3,Class3_example_0230,0.0,0.0,0.0,0.0,1,71,[71],300,284,line_perpendicular_3
Class3,P3,Class3_example_0231,16.5,0.057129763689235225,16.50011124427447,4.000000057235147,2,83,"[54, 87]",300,284,line_perpendicular_3
Class3,P3,Class3_example_0232,5.0,0.006630709594237394,5.0000043966290395,5.0000043966290395,1,83,[78],300,284,line_perpendicular_3
Class3,P3,Class3_example_0233,17.5,0.012889084492667291,17.50000542052693,5.000005015122787,2,86,"[56, 91]",300,284,line_perpendicular_3
Class3,P3,Class3_example_0234,13.5,0.052858103382786015,13.500107909917052,3.000003956692232,2,77,"[53, 80]",300,284,line_perpendicular_3
Class3,P3,Class3_example_0235,5.0,0.012409246987169942,5.000015398917366,5.000015398917366,1,76,[81],300,284,line_perpendicular_3
Class3,P3,Class3_example_0236,16.5,0.04915057969658759,16.500117659500972,8.000200637640486,2,89,"[64, 97]",300,284,line_perpendicular_3
Class3,P3,Class3_example_0237,,,,,0,75,[],300,284,line_perpendicular_3
Class3,P3,Class3_example_0238,,,,,0,77,[],300,284,line_perpendicular_3
Class3,P3,Class3_example_0239,,,,,0,78,[],300,284,line_perpendicular_3
Class3,P3,Class3_example_0240,5.0,0.016261826394196488,5.000026444629836,5.000026444629836,1,61,[66],300,284,line_perpendicular_3
Class3,P3,Class3_example_0241,16.0,0.07552859024677688,16.00020962265691,13.000328954983132,2,74,"[55, 87]",300,284,line_perpendicular_3
Class3,P3,Class3_example_0242,9.0,0.015214304077677876,9.000012859715733,9.000012859715733,1,69,[60],300,284,line_perpendicular_3
Class3,P3,Class3_example_0243,,,,,0,64,[],300,284,line_perpendicular_3
Class3,P3,Class3_example_0244,12.0,0.07044855389946236,12.000206789832687,12.000206789832687,1,66,[54],300,284,line_perpendicular_3
Class3,P3,Class3_example_0245,,,,,0,65,[],300,284,line_perpendicular_3
Class3,P3,Class3_example_0246,0.0,0.0,0.0,0.0,1,63,[63],300,284,line_perpendicular_3
Class3,P3,Class3_example_0247,19.0,0.07486226521881251,19.000152243698313,13.00015745976846,2,81,"[56, 94]",300,284,line_perpendicular_3
Class3,P3,Class3_example_0248,12.0,0.010697523702944411,12.000004768207942,12.000004768207942,1,69,[57],300,284,line_perpendicular_3
Class3,P3,Class3_example_0249,32.0,0.2501896282141759,32.000978029586314,32.000978029586314,1,98,[66],300,284,line_perpendicular_3
Class3,P3,Class3_example_0250,18.0,0.0759660074296894,18.000160629824695,5.000035040572355,2,88,"[57, 93]",300,284,line_perpendicular_3
Class3,P3,Class3_example_0251,19.0,0.04221729328495999,19.000053223046066,11.000067369943354,2,79,"[52, 90]",300,284,line_perpendicular_3
Class3,P3,Class3_example_0252,3.0,0.007561516827091275,3.0000095294076528,3.0000095294076528,1,84,[87],300,284,line_perpendicular_3
Class3,P3,Class3_example_0253,19.0,0.11061208243698345,19.00032746283835,9.000232399378639,2,87,"[58, 96]",300,284,line_perpendicular_3
Class3,P3,Class3_example_0254,14.0,0.05891996958142054,14.000123983837266,14.000123983837266,1,84,[70],300,284,line_perpendicular_3
Class3,P3,Class3_example_0255,17.0,0.005937559200315412,17.000007133392057,4.000014242754285,2,90,"[60, 94]",300,284,line_perpendicular_3
Class3,P3,Class3_example_0256,6.0,0.02609220315816485,6.000056733320582,6.000056733320582,1,73,[79],300,284,line_perpendicular_3
Class3,P3,Class3_example_0257,7.0,0.062065367351909484,7.000275145294257,7.000275145294257,1,78,[85],300,284,line_perpendicular_3
Class3,P3,Class3_example_0258,9.0,0.06044714735941037,9.000202989801057,9.000202989801057,1,79,[88],300,284,line_perpendicular_3
Class3,P3,Class3_example_0259,,,,,0,63,[],300,284,line_perpendicular_3
Class3,P3,Class3_example_0260,16.0,0.07484944055660958,16.000175075253132,16.000175075253132,1,70,[54],300,284,line_perpendicular_3
Class3,P3,Class3_example_0261,26.0,0.06235524144778848,26.000074772510484,26.000074772510484,1,99,[73],300,284,line_perpendicular_3
Class3,P3,Class3_example_0262,20.0,0.08831058269031855,20.000194968025063,20.000194968025063,1,91,[71],300,284,line_perpendicular_3
Class3,P3,Class3_example_0263,16.0,0.038699861676569636,16.0000508783749,5.0000415638052775,2,85,"[58, 90]",300,284,line_perpendicular_3
Class3,P3,Class3_example_0264,5.0,0.004329907434099556,5.000001874809487,5.000001874809487,1,82,[77],300,284,line_perpendicular_3
Class3,P3,Class3_example_0265,19.0,0.060911637456756984,19.00012286959989,16.000209461924094,2,76,"[54, 92]",300,284,line_perpendicular_3
Class3,P3,Class3_example_0266,25.0,0.2046321685142639,25.000837472460613,25.000837472460613,1,84,[59],300,284,line_perpendicular_3
Class3,P3,Class3_example_0267,17.0,0.11954122831479896,17.000424841155997,12.000386149505374,2,78,"[56, 90]",300,284,line_perpendicular_3
Class3,P3,Class3_example_0268,17.0,0.12942355468676936,17.00049265334707,17.00049265334707,1,76,[59],300,284,line_perpendicular_3
Class3,P3,Class3_example_0269,16.0,0.06447497852216832,16.000129906436868,16.000129906436868,1,72,[56],300,284,line_perpendicular_3
Class3,P3,Class3_example_0270,9.0,0.016135691515528294,9.00001446446286,9.00001446446286,1,67,[58],300,284,line_perpendicular_3
Class3,P3,Class3_example_0271,16.0,0.046247168841337116,16.000079271521702,6.000090277780894,2,81,"[55, 87]",300,284,line_perpendicular_3
Class3,P3,Class3_example_0272,13.5,0.01982483538661267,13.500030386516848,5.000054774884367,2,74,"[52, 79]",300,284,line_perpendicular_3
Class3,P3,Class3_example_0273,16.5,0.055843917901819584,16.500099221022865,8.000089173809917,2,82,"[57, 90]",300,284,line_perpendicular_3
Class3,P3,Class3_example_0274,17.0,0.033605456052040905,17.000033215458036,17.000033215458036,1,72,[55],300,284,line_perpendicular_3
Class3,P3,Class3_example_0275,14.0,0.04104526150849008,14.000060168209718,14.000060168209718,1,66,[52],300,284,line_perpendicular_3
Class3,P3,Class3_example_0276,17.5,0.11487849374126796,17.500377146243235,6.000138268092515,2,94,"[65, 100]",300,284,line_perpendicular_3
Class3,P3,Class3_example_0277,19.0,0.09452627376295941,19.000235149419364,6.000071668025234,2,97,"[65, 103]",300,284,line_perpendicular_3
Class3,P3,Class3_example_0278,17.5,0.08357530034130722,17.5001996199721,9.00010848104884,2,90,"[64, 99]",300,284,line_perpendicular_3
Class3,P3,Class3_example_0279,18.5,0.06338091905696891,18.500110695580005,7.000068319601516,2,91,"[61, 98]",300,284,line_perpendicular_3
Class3,P3,Class3_example_0280,16.0,0.016233789208535965,16.00001642127238,3.000025953817055,2,82,"[53, 85]",300,284,line_perpendicular_3
Class3,P3,Class3_example_0281,15.0,0.02094950467779333,15.000023411031266,4.000034534635059,2,78,"[52, 82]",300,284,line_perpendicular_3
Class3,P3,Class3_example_0282,15.5,0.03296327198592053,15.500035384261588,6.000019508286051,2,78,"[53, 84]",300,284,line_perpendicular_3
Class3,P3,Class3_example_0283,4.0,0.013719536805879784,4.000023528142074,4.000023528142074,1,76,[80],300,284,line_perpendicular_3
Class3,P3,Class3_example_0284,13.5,0.04648273725877944,13.500082036507244,4.000009105395478,2,78,"[55, 82]",300,284,line_perpendicular_3
Class3,P3,Class3_example_0285,18.5,0.036241051447600814,18.50004154603438,5.000040093365011,2,98,"[66, 103]",300,284,line_perpendicular_3
Class3,P3,Class3_example_0286,17.5,0.02256430187800107,17.500023305694878,3.000031149187779,2,94,"[62, 97]",300,284,line_perpendicular_3
Class3,P3,Class3_example_0287,16.5,0.015300718709258865,16.500020452252954,6.000039456784464,2,86,"[59, 92]",300,284,line_perpendicular_3
Class3,P3,Class3_example_0288,17.5,0.021552064952277294,17.500022472341445,5.000035032481837,2,95,"[65, 100]",300,284,line_perpendicular_3
Class3,P3,Class3_example_0289,17.0,0.06324293830387939,17.000118995512615,3.00000889389138,2,88,"[57, 91]",300,284,line_perpendicular_3
Class3,P3,Class3_example_0290,18.5,0.022103839925613766,18.500026145972768,5.00004382957919,2,99,"[67, 104]",300,284,line_perpendicular_3
Class3,P3,Class3_example_0291,17.5,0.011014752710291231,17.50002049527005,4.000040735406219,2,93,"[62, 97]",300,284,line_perpendicular_3
Class3,P3,Class3_example_0292,16.0,0.020340518679602182,16.00002828015181,5.000050406228078,2,84,"[57, 89]",300,284,line_perpendicular_3
Class3,P3,Class3_example_0293,14.5,0.022222875208950832,14.50002229547815,3.000024501643415,2,80,"[54, 83]",300,284,line_perpendicular_3
Class3,P3,Class3_example_0294,15.0,0.0022591911621455685,15.00000017013149,15.00000017013149,1,69,[54],300,284,line_perpendicular_3
Class3,P3,Class3_example_0295,3.0,0.015943932624056023,3.0000423678654142,3.0000423678654142,1,75,[78],300,284,line_perpendicular_3
Class3,P3,Class3_example_0296,17.0,0.026393913446712602,17.00003039906624,4.000040672755837,2,88,"[58, 92]",300,284,line_perpendicular_3
Class3,P3,Class3_example_0297,17.0,0.01653824089528655,17.000013732670656,4.000020648578325,2,92,"[62, 96]",300,284,line_perpendicular_3
Class3,P3,Class3_example_0298,15.0,0.013591827423250602,15.000021791478835,5.000042735055737,2,81,"[56, 86]",300,284,line_perpendicular_3
Class3,P3,Class3_example_0299,13.0,0.032352347842855234,13.000040256645782,13.000040256645782,1,70,[57],300,284,line_perpendicular_3
Class3,P3,Class3_example_0300,10.0,0.0115352586979528,10.000006653107448,10.000006653107448,1,63,[53],300,284,line_perpendicular_3
Class4,P3,Class4_example_0001,,,,,0,,[],100,0,line_perpendicular_3
Class4,P3,Class4_example_0002,,,,,0,,[],100,0,line_perpendicular_3
Class4,P3,Class4_example_0003,,,,,0,,[],100,0,line_perpendicular_3
Class4,P3,Class4_example_0004,,,,,0,,[],100,0,line_perpendicular_3
Class4,P3,Class4_example_0005,,,,,0,,[],100,0,line_perpendicular_3
Class4,P3,Class4_example_0006,,,,,0,,[],100,0,line_perpendicular_3
Class4,P3,Class4_example_0007,,,,,0,,[],100,0,line_perpendicular_3
Class4,P3,Class4_example_0008,,,,,0,,[],100,0,line_perpendicular_3
Class4,P3,Class4_example_0009,,,,,0,,[],100,0,line_perpendicular_3
Class4,P3,Class4_example_0010,,,,,0,,[],100,0,line_perpendicular_3
Class4,P3,Class4_example_0011,,,,,0,,[],100,0,line_perpendicular_3
Class4,P3,Class4_example_0012,,,,,0,,[],100,0,line_perpendicular_3
Class4,P3,Class4_example_0013,,,,,0,,[],100,0,line_perpendicular_3
Class4,P3,Class4_example_0014,,,,,0,,[],100,0,line_perpendicular_3
Class4,P3,Class4_example_0015,,,,,0,,[],100,0,line_perpendicular_3
Class4,P3,Class4_example_0016,,,,,0,,[],100,0,line_perpendicular_3
Class4,P3,Class4_example_0017,,,,,0,,[],100,0,line_perpendicular_3
Class4,P3,Class4_example_0018,,,,,0,,[],100,0,line_perpendicular_3
Class4,P3,Class4_example_0019,,,,,0,,[],100,0,line_perpendicular_3
Class4,P3,Class4_example_0020,,,,,0,,[],100,0,line_perpendicular_3
Class4,P3,Class4_example_0021,,,,,0,,[],100,0,line_perpendicular_3
Class4,P3,Class4_example_0022,,,,,0,,[],100,0,line_perpendicular_3
Class4,P3,Class4_example_0023,,,,,0,,[],100,0,line_perpendicular_3
Class4,P3,Class4_example_0024,,,,,0,,[],100,0,line_perpendicular_3
Class4,P3,Class4_example_0025,,,,,0,,[],100,0,line_perpendicular_3
Class4,P3,Class4_example_0026,,,,,0,,[],100,0,line_perpendicular_3
Class4,P3,Class4_example_0027,,,,,0,,[],100,0,line_perpendicular_3
Class4,P3,Class4_example_0028,,,,,0,,[],100,0,line_perpendicular_3
Class4,P3,Class4_example_0029,,,,,0,,[],100,0,line_perpendicular_3
Class4,P3,Class4_example_0030,,,,,0,,[],100,0,line_perpendicular_3
Class4,P3,Class4_example_0031,,,,,0,,[],100,0,line_perpendicular_3
Class4,P3,Class4_example_0032,,,,,0,,[],100,0,line_perpendicular_3
Class4,P3,Class4_example_0033,,,,,0,,[],100,0,line_perpendicular_3
Class4,P3,Class4_example_0034,,,,,0,,[],100,0,line_perpendicular_3
Class4,P3,Class4_example_0035,,,,,0,,[],100,0,line_perpendicular_3
Class4,P3,Class4_example_0036,,,,,0,,[],100,0,line_perpendicular_3
Class4,P3,Class4_example_0037,,,,,0,,[],100,0,line_perpendicular_3
Class4,P3,Class4_example_0038,,,,,0,,[],100,0,line_perpendicular_3
Class4,P3,Class4_example_0039,,,,,0,,[],100,0,line_perpendicular_3
Class4,P3,Class4_example_0040,,,,,0,,[],100,0,line_perpendicular_3
Class4,P3,Class4_example_0041,,,,,0,,[],100,0,line_perpendicular_3
Class4,P3,Class4_example_0042,,,,,0,,[],100,0,line_perpendicular_3
Class4,P3,Class4_example_0043,,,,,0,,[],100,0,line_perpendicular_3
Class4,P3,Class4_example_0044,,,,,0,,[],100,0,line_perpendicular_3
Class4,P3,Class4_example_0045,,,,,0,,[],100,0,line_perpendicular_3
Class4,P3,Class4_example_0046,,,,,0,,[],100,0,line_perpendicular_3
Class4,P3,Class4_example_0047,,,,,0,,[],100,0,line_perpendicular_3
Class4,P3,Class4_example_0048,,,,,0,,[],100,0,line_perpendicular_3
Class4,P3,Class4_example_0049,,,,,0,,[],100,0,line_perpendicular_3
Class4,P3,Class4_example_0050,,,,,0,,[],100,0,line_perpendicular_3
Class4,P3,Class4_example_0051,,,,,0,,[],100,0,line_perpendicular_3
Class4,P3,Class4_example_0052,,,,,0,,[],100,0,line_perpendicular_3
Class4,P3,Class4_example_0053,,,,,0,,[],100,0,line_perpendicular_3
Class4,P3,Class4_example_0054,,,,,0,,[],100,0,line_perpendicular_3
Class4,P3,Class4_example_0055,,,,,0,,[],100,0,line_perpendicular_3
Class4,P3,Class4_example_0056,,,,,0,,[],100,0,line_perpendicular_3
Class4,P3,Class4_example_0057,,,,,0,,[],100,0,line_perpendicular_3
Class4,P3,Class4_example_0058,,,,,0,,[],100,0,line_perpendicular_3
Class4,P3,Class4_example_0059,,,,,0,,[],100,0,line_perpendicular_3
Class4,P3,Class4_example_0060,,,,,0,,[],100,0,line_perpendicular_3
Class4,P3,Class4_example_0061,,,,,0,,[],100,0,line_perpendicular_3
Class4,P3,Class4_example_0062,,,,,0,,[],100,0,line_perpendicular_3
Class4,P3,Class4_example_0063,,,,,0,,[],100,0,line_perpendicular_3
Class4,P3,Class4_example_0064,,,,,0,,[],100,0,line_perpendicular_3
Class4,P3,Class4_example_0065,,,,,0,,[],100,0,line_perpendicular_3
Class4,P3,Class4_example_0066,,,,,0,,[],100,0,line_perpendicular_3
Class4,P3,Class4_example_0067,,,,,0,,[],100,0,line_perpendicular_3
Class4,P3,Class4_example_0068,,,,,0,,[],100,0,line_perpendicular_3
Class4,P3,Class4_example_0069,,,,,0,,[],100,0,line_perpendicular_3
Class4,P3,Class4_example_0070,,,,,0,,[],100,0,line_perpendicular_3
Class4,P3,Class4_example_0071,,,,,0,,[],100,0,line_perpendicular_3
Class4,P3,Class4_example_0072,,,,,0,,[],100,0,line_perpendicular_3
Class4,P3,Class4_example_0073,,,,,0,,[],100,0,line_perpendicular_3
Class4,P3,Class4_example_0074,,,,,0,,[],100,0,line_perpendicular_3
Class4,P3,Class4_example_0075,,,,,0,,[],100,0,line_perpendicular_3
Class4,P3,Class4_example_0076,,,,,0,,[],100,0,line_perpendicular_3
Class4,P3,Class4_example_0077,,,,,0,,[],100,0,line_perpendicular_3
Class4,P3,Class4_example_0078,,,,,0,,[],100,0,line_perpendicular_3
Class4,P3,Class4_example_0079,,,,,0,,[],100,0,line_perpendicular_3
Class4,P3,Class4_example_0080,,,,,0,,[],100,0,line_perpendicular_3
Class4,P3,Class4_example_0081,,,,,0,,[],100,0,line_perpendicular_3
Class4,P3,Class4_example_0082,,,,,0,,[],100,0,line_perpendicular_3
Class4,P3,Class4_example_0083,,,,,0,,[],100,0,line_perpendicular_3
Class4,P3,Class4_example_0084,,,,,0,,[],100,0,line_perpendicular_3
Class4,P3,Class4_example_0085,,,,,0,,[],100,0,line_perpendicular_3
Class4,P3,Class4_example_0086,,,,,0,,[],100,0,line_perpendicular_3
Class4,P3,Class4_example_0087,,,,,0,,[],100,0,line_perpendicular_3
Class4,P3,Class4_example_0088,,,,,0,,[],100,0,line_perpendicular_3
Class4,P3,Class4_example_0089,,,,,0,,[],100,0,line_perpendicular_3
Class4,P3,Class4_example_0090,,,,,0,,[],100,0,line_perpendicular_3
Class4,P3,Class4_example_0091,,,,,0,,[],100,0,line_perpendicular_3
Class4,P3,Class4_example_0092,,,,,0,,[],100,0,line_perpendicular_3
Class4,P3,Class4_example_0093,,,,,0,,[],100,0,line_perpendicular_3
Class4,P3,Class4_example_0094,,,,,0,,[],100,0,line_perpendicular_3
Class4,P3,Class4_example_0095,,,,,0,,[],100,0,line_perpendicular_3
Class4,P3,Class4_example_0096,,,,,0,,[],100,0,line_perpendicular_3
Class4,P3,Class4_example_0097,,,,,0,,[],100,0,line_perpendicular_3
Class4,P3,Class4_example_0098,,,,,0,,[],100,0,line_perpendicular_3
Class4,P3,Class4_example_0099,,,,,0,,[],100,0,line_perpendicular_3
Class4,P3,Class4_example_0100,,,,,0,,[],100,0,line_perpendicular_3
