Class,Peak,File,Mean_X_Error,Mean_Y_Error,Mean_XY_Error,Min_XY_Error,TP,FP,FN,Peak_Count,Reference_Peaks,Detected_Peaks,%_Signals_with_Peak,Method,Dataset,Range
Class1,P1,Class1_it2_example_0001,0.0,0.0,0.0,0.0,1.0,0.0,0.0,1,39,[39],1.0,concave,it2,avg
Class1,P1,Class1_it2_example_0002,0.0,0.0,0.0,0.0,1.0,0.0,0.0,1,40,[40],1.0,concave,it2,avg
Class1,P1,Class1_it2_example_0003,0.0,0.0,0.0,0.0,1.0,0.0,0.0,1,40,[40],1.0,concave,it2,avg
Class1,P1,Class1_it2_example_0004,0.0,0.0,0.0,0.0,1.0,0.0,0.0,1,42,[42],1.0,concave,it2,avg
Class1,P1,Class1_it2_example_0005,0.0,0.0,0.0,0.0,1.0,0.0,0.0,1,39,[39],1.0,concave,it2,avg
Class1,P1,Class1_it2_example_0006,0.0,0.0,0.0,0.0,1.0,0.0,0.0,1,41,[41],1.0,concave,it2,avg
Class1,P1,Class1_it2_example_0007,0.0,0.0,0.0,0.0,1.0,0.0,0.0,1,42,[42],1.0,concave,it2,avg
Class1,P1,Class1_it2_example_0008,0.0,0.0,0.0,0.0,1.0,0.0,0.0,1,38,[38],1.0,concave,it2,avg
Class1,P1,Class1_it2_example_0009,0.0,0.0,0.0,0.0,1.0,0.0,0.0,1,38,[38],1.0,concave,it2,avg
Class1,P1,Class1_it2_example_0010,0.0,0.0,0.0,0.0,1.0,0.0,0.0,1,41,[41],1.0,concave,it2,avg
Class1,P1,Class1_it2_example_0011,0.0,0.0,0.0,0.0,1.0,0.0,0.0,1,35,[35],1.0,concave,it2,avg
Class1,P1,Class1_it2_example_0012,0.0,0.0,0.0,0.0,1.0,0.0,0.0,1,36,[36],1.0,concave,it2,avg
Class1,P1,Class1_it2_example_0013,0.0,0.0,0.0,0.0,1.0,0.0,0.0,1,36,[36],1.0,concave,it2,avg
Class1,P1,Class1_it2_example_0014,0.0,0.0,0.0,0.0,1.0,0.0,0.0,1,41,[41],1.0,concave,it2,avg
Class1,P1,Class1_it2_example_0015,0.0,0.0,0.0,0.0,1.0,0.0,0.0,1,23,[23],1.0,concave,it2,avg
Class1,P1,Class1_it2_example_0016,0.0,0.0,0.0,0.0,1.0,0.0,0.0,1,29,[29],1.0,concave,it2,avg
Class1,P1,Class1_it2_example_0017,0.0,0.0,0.0,0.0,1.0,0.0,0.0,1,27,[27],1.0,concave,it2,avg
Class1,P1,Class1_it2_example_0018,0.0,0.0,0.0,0.0,1.0,0.0,0.0,1,28,[28],1.0,concave,it2,avg
Class1,P1,Class1_it2_example_0019,0.0,0.0,0.0,0.0,1.0,0.0,0.0,1,28,[28],1.0,concave,it2,avg
Class1,P1,Class1_it2_example_0020,0.0,0.0,0.0,0.0,1.0,0.0,0.0,1,37,[37],1.0,concave,it2,avg
Class1,P1,Class1_it2_example_0021,0.0,0.0,0.0,0.0,1.0,0.0,0.0,1,37,[37],1.0,concave,it2,avg
Class1,P1,Class1_it2_example_0022,0.0,0.0,0.0,0.0,1.0,0.0,0.0,1,41,[41],1.0,concave,it2,avg
Class1,P1,Class1_it2_example_0023,0.0,0.0,0.0,0.0,1.0,0.0,0.0,1,45,[45],1.0,concave,it2,avg
Class1,P1,Class1_it2_example_0024,0.0,0.0,0.0,0.0,1.0,0.0,0.0,1,46,[46],1.0,concave,it2,avg
Class1,P1,Class1_it2_example_0025,0.0,0.0,0.0,0.0,1.0,0.0,0.0,1,43,[43],1.0,concave,it2,avg
Class1,P1,Class1_it2_example_0026,0.0,0.0,0.0,0.0,1.0,0.0,0.0,1,41,[41],1.0,concave,it2,avg
Class1,P1,Class1_it2_example_0027,0.0,0.0,0.0,0.0,1.0,0.0,0.0,1,44,[44],1.0,concave,it2,avg
Class1,P1,Class1_it2_example_0028,0.0,0.0,0.0,0.0,1.0,0.0,0.0,1,45,[45],1.0,concave,it2,avg
Class1,P1,Class1_it2_example_0029,0.0,0.0,0.0,0.0,1.0,0.0,0.0,1,58,[58],1.0,concave,it2,avg
Class1,P1,Class1_it2_example_0030,0.0,0.0,0.0,0.0,1.0,0.0,0.0,1,28,[28],1.0,concave,it2,avg
Class1,P1,Class1_it2_example_0031,0.0,0.0,0.0,0.0,1.0,0.0,0.0,1,27,[27],1.0,concave,it2,avg
Class1,P1,Class1_it2_example_0032,2.5,0.017529449246682205,2.5000614555628213,0.0,1.0,1.0,0.0,2,34,"[34, 39]",1.0,concave,it2,avg
Class1,P1,Class1_it2_example_0033,0.0,0.0,0.0,0.0,1.0,0.0,0.0,1,34,[34],1.0,concave,it2,avg
Class1,P1,Class1_it2_example_0034,0.0,0.0,0.0,0.0,1.0,0.0,0.0,1,31,[31],1.0,concave,it2,avg
Class1,P1,Class1_it2_example_0035,0.0,0.0,0.0,0.0,1.0,0.0,0.0,1,39,[39],1.0,concave,it2,avg
Class1,P1,Class1_it2_example_0036,0.0,0.0,0.0,0.0,1.0,0.0,0.0,1,40,[40],1.0,concave,it2,avg
Class1,P1,Class1_it2_example_0037,0.0,0.0,0.0,0.0,1.0,0.0,0.0,1,39,[39],1.0,concave,it2,avg
Class1,P1,Class1_it2_example_0038,0.0,0.0,0.0,0.0,1.0,0.0,0.0,1,38,[38],1.0,concave,it2,avg
Class1,P1,Class1_it2_example_0039,0.0,0.0,0.0,0.0,1.0,0.0,0.0,1,29,[29],1.0,concave,it2,avg
Class1,P1,Class1_it2_example_0040,0.0,0.0,0.0,0.0,1.0,0.0,0.0,1,29,[29],1.0,concave,it2,avg
Class1,P1,Class1_it2_example_0041,0.0,0.0,0.0,0.0,1.0,0.0,0.0,1,33,[33],1.0,concave,it2,avg
Class1,P1,Class1_it2_example_0042,0.0,0.0,0.0,0.0,1.0,0.0,0.0,1,43,[43],1.0,concave,it2,avg
Class1,P1,Class1_it2_example_0043,0.0,0.0,0.0,0.0,1.0,0.0,0.0,1,35,[35],1.0,concave,it2,avg
Class1,P1,Class1_it2_example_0044,0.0,0.0,0.0,0.0,1.0,0.0,0.0,1,28,[28],1.0,concave,it2,avg
Class1,P1,Class1_it2_example_0045,0.0,0.0,0.0,0.0,1.0,0.0,0.0,1,30,[30],1.0,concave,it2,avg
Class1,P1,Class1_it2_example_0046,0.0,0.0,0.0,0.0,1.0,0.0,0.0,1,29,[29],1.0,concave,it2,avg
Class1,P1,Class1_it2_example_0047,0.0,0.0,0.0,0.0,1.0,0.0,0.0,1,29,[29],1.0,concave,it2,avg
Class1,P1,Class1_it2_example_0048,0.0,0.0,0.0,0.0,1.0,0.0,0.0,1,30,[30],1.0,concave,it2,avg
Class1,P1,Class1_it2_example_0049,0.0,0.0,0.0,0.0,1.0,0.0,0.0,1,30,[30],1.0,concave,it2,avg
Class1,P1,Class1_it2_example_0050,0.0,0.0,0.0,0.0,1.0,0.0,0.0,1,61,[61],1.0,concave,it2,avg
Class1,P1,Class1_it2_example_0051,0.0,0.0,0.0,0.0,1.0,0.0,0.0,1,30,[30],1.0,concave,it2,avg
Class1,P1,Class1_it2_example_0052,0.0,0.0,0.0,0.0,1.0,0.0,0.0,1,37,[37],1.0,concave,it2,avg
Class1,P1,Class1_it2_example_0053,0.0,0.0,0.0,0.0,1.0,0.0,0.0,1,36,[36],1.0,concave,it2,avg
Class1,P1,Class1_it2_example_0054,0.0,0.0,0.0,0.0,1.0,0.0,0.0,1,35,[35],1.0,concave,it2,avg
Class1,P1,Class1_it2_example_0055,0.0,0.0,0.0,0.0,1.0,0.0,0.0,1,67,[67],1.0,concave,it2,avg
Class1,P1,Class1_it2_example_0056,0.0,0.0,0.0,0.0,1.0,0.0,0.0,1,30,[30],1.0,concave,it2,avg
Class1,P1,Class1_it2_example_0057,0.0,0.0,0.0,0.0,1.0,0.0,0.0,1,33,[33],1.0,concave,it2,avg
Class1,P1,Class1_it2_example_0058,0.0,0.0,0.0,0.0,1.0,0.0,0.0,1,45,[45],1.0,concave,it2,avg
Class1,P1,Class1_it2_example_0059,0.0,0.0,0.0,0.0,1.0,0.0,0.0,1,33,[33],1.0,concave,it2,avg
Class1,P1,Class1_it2_example_0060,0.0,0.0,0.0,0.0,1.0,0.0,0.0,1,28,[28],1.0,concave,it2,avg
Class1,P1,Class1_it2_example_0061,0.0,0.0,0.0,0.0,1.0,0.0,0.0,1,41,[41],1.0,concave,it2,avg
Class1,P1,Class1_it2_example_0062,0.0,0.0,0.0,0.0,1.0,0.0,0.0,1,31,[31],1.0,concave,it2,avg
Class1,P1,Class1_it2_example_0063,0.0,0.0,0.0,0.0,1.0,0.0,0.0,1,46,[46],1.0,concave,it2,avg
Class1,P1,Class1_it2_example_0064,0.0,0.0,0.0,0.0,1.0,0.0,0.0,1,40,[40],1.0,concave,it2,avg
Class1,P1,Class1_it2_example_0065,0.0,0.0,0.0,0.0,1.0,0.0,0.0,1,42,[42],1.0,concave,it2,avg
Class1,P1,Class1_it2_example_0066,0.0,0.0,0.0,0.0,1.0,0.0,0.0,1,42,[42],1.0,concave,it2,avg
Class1,P1,Class1_it2_example_0067,0.0,0.0,0.0,0.0,1.0,0.0,0.0,1,43,[43],1.0,concave,it2,avg
Class1,P1,Class1_it2_example_0068,0.0,0.0,0.0,0.0,1.0,0.0,0.0,1,22,[22],1.0,concave,it2,avg
Class1,P1,Class1_it2_example_0069,0.0,0.0,0.0,0.0,1.0,0.0,0.0,1,24,[24],1.0,concave,it2,avg
Class1,P1,Class1_it2_example_0070,0.0,0.0,0.0,0.0,1.0,0.0,0.0,1,33,[33],1.0,concave,it2,avg
Class1,P1,Class1_it2_example_0071,0.0,0.0,0.0,0.0,1.0,0.0,0.0,1,24,[24],1.0,concave,it2,avg
Class1,P1,Class1_it2_example_0072,0.0,0.0,0.0,0.0,1.0,0.0,0.0,1,25,[25],1.0,concave,it2,avg
Class1,P1,Class1_it2_example_0073,0.0,0.0,0.0,0.0,1.0,0.0,0.0,1,25,[25],1.0,concave,it2,avg
Class1,P1,Class1_it2_example_0074,0.0,0.0,0.0,0.0,1.0,0.0,0.0,1,31,[31],1.0,concave,it2,avg
Class1,P1,Class1_it2_example_0075,1.0,0.001945294854501789,1.0000018920842455,1.0000018920842455,1.0,0.0,0.0,1,38,[37],1.0,concave,it2,avg
Class1,P1,Class1_it2_example_0076,0.0,0.0,0.0,0.0,1.0,0.0,0.0,1,27,[27],1.0,concave,it2,avg
Class1,P1,Class1_it2_example_0077,0.0,0.0,0.0,0.0,1.0,0.0,0.0,1,32,[32],1.0,concave,it2,avg
Class1,P1,Class1_it2_example_0078,0.0,0.0,0.0,0.0,1.0,0.0,0.0,1,31,[31],1.0,concave,it2,avg
Class1,P1,Class1_it2_example_0079,0.0,0.0,0.0,0.0,1.0,0.0,0.0,1,36,[36],1.0,concave,it2,avg
Class1,P1,Class1_it2_example_0080,0.0,0.0,0.0,0.0,1.0,0.0,0.0,1,37,[37],1.0,concave,it2,avg
Class1,P1,Class1_it2_example_0081,0.0,0.0,0.0,0.0,1.0,0.0,0.0,1,28,[28],1.0,concave,it2,avg
Class1,P1,Class1_it2_example_0082,0.0,0.0,0.0,0.0,1.0,0.0,0.0,1,37,[37],1.0,concave,it2,avg
Class1,P1,Class1_it2_example_0083,0.0,0.0,0.0,0.0,1.0,0.0,0.0,1,26,[26],1.0,concave,it2,avg
Class1,P1,Class1_it2_example_0084,0.0,0.0,0.0,0.0,1.0,0.0,0.0,1,33,[33],1.0,concave,it2,avg
Class1,P1,Class1_it2_example_0085,0.0,0.0,0.0,0.0,1.0,0.0,0.0,1,24,[24],1.0,concave,it2,avg
Class1,P1,Class1_it2_example_0086,0.0,0.0,0.0,0.0,1.0,0.0,0.0,1,32,[32],1.0,concave,it2,avg
Class1,P1,Class1_it2_example_0087,0.0,0.0,0.0,0.0,1.0,0.0,0.0,1,29,[29],1.0,concave,it2,avg
Class1,P1,Class1_it2_example_0088,0.0,0.0,0.0,0.0,1.0,0.0,0.0,1,31,[31],1.0,concave,it2,avg
Class1,P1,Class1_it2_example_0089,0.0,0.0,0.0,0.0,1.0,0.0,0.0,1,29,[29],1.0,concave,it2,avg
Class1,P1,Class1_it2_example_0090,0.0,0.0,0.0,0.0,1.0,0.0,0.0,1,33,[33],1.0,concave,it2,avg
Class1,P1,Class1_it2_example_0091,0.0,0.0,0.0,0.0,1.0,0.0,0.0,1,32,[32],1.0,concave,it2,avg
Class1,P1,Class1_it2_example_0092,0.0,0.0,0.0,0.0,1.0,0.0,0.0,1,31,[31],1.0,concave,it2,avg
Class1,P1,Class1_it2_example_0093,0.0,0.0,0.0,0.0,1.0,0.0,0.0,1,31,[31],1.0,concave,it2,avg
Class1,P1,Class1_it2_example_0094,0.0,0.0,0.0,0.0,1.0,0.0,0.0,1,35,[35],1.0,concave,it2,avg
Class1,P1,Class1_it2_example_0095,0.0,0.0,0.0,0.0,1.0,0.0,0.0,1,35,[35],1.0,concave,it2,avg
Class1,P1,Class1_it2_example_0096,0.0,0.0,0.0,0.0,1.0,0.0,0.0,1,35,[35],1.0,concave,it2,avg
Class1,P1,Class1_it2_example_0097,0.0,0.0,0.0,0.0,1.0,0.0,0.0,1,33,[33],1.0,concave,it2,avg
Class1,P1,Class1_it2_example_0098,0.0,0.0,0.0,0.0,1.0,0.0,0.0,1,37,[37],1.0,concave,it2,avg
Class1,P1,Class1_it2_example_0099,0.0,0.0,0.0,0.0,1.0,0.0,0.0,1,35,[35],1.0,concave,it2,avg
Class1,P1,Class1_it2_example_0100,0.0,0.0,0.0,0.0,1.0,0.0,0.0,1,28,[28],1.0,concave,it2,avg
Class1,P1,Class1_it2_example_0101,0.0,0.0,0.0,0.0,1.0,0.0,0.0,1,31,[31],1.0,concave,it2,avg
Class1,P1,Class1_it2_example_0102,0.0,0.0,0.0,0.0,1.0,0.0,0.0,1,33,[33],1.0,concave,it2,avg
Class1,P1,Class1_it2_example_0103,0.0,0.0,0.0,0.0,1.0,0.0,0.0,1,33,[33],1.0,concave,it2,avg
Class1,P1,Class1_it2_example_0104,0.0,0.0,0.0,0.0,1.0,0.0,0.0,1,35,[35],1.0,concave,it2,avg
Class1,P1,Class1_it2_example_0105,0.0,0.0,0.0,0.0,1.0,0.0,0.0,1,35,[35],1.0,concave,it2,avg
Class1,P1,Class1_it2_example_0106,0.0,0.0,0.0,0.0,1.0,0.0,0.0,1,34,[34],1.0,concave,it2,avg
Class1,P1,Class1_it2_example_0107,0.0,0.0,0.0,0.0,1.0,0.0,0.0,1,33,[33],1.0,concave,it2,avg
Class1,P1,Class1_it2_example_0108,3.0,0.005902458057750064,3.0000063503656498,0.0,1.0,1.0,0.0,3,31,"[31, 33, 38]",1.0,concave,it2,avg
Class1,P1,Class1_it2_example_0109,0.0,0.0,0.0,0.0,1.0,0.0,0.0,1,33,[33],1.0,concave,it2,avg
Class1,P1,Class1_it2_example_0110,0.0,0.0,0.0,0.0,1.0,0.0,0.0,1,36,[36],1.0,concave,it2,avg
Class1,P1,Class1_it2_example_0111,0.0,0.0,0.0,0.0,1.0,0.0,0.0,1,30,[30],1.0,concave,it2,avg
Class1,P1,Class1_it2_example_0112,0.0,0.0,0.0,0.0,1.0,0.0,0.0,1,28,[28],1.0,concave,it2,avg
Class1,P1,Class1_it2_example_0113,0.0,0.0,0.0,0.0,1.0,0.0,0.0,1,34,[34],1.0,concave,it2,avg
Class1,P1,Class1_it2_example_0114,0.0,0.0,0.0,0.0,1.0,0.0,0.0,1,26,[26],1.0,concave,it2,avg
Class1,P1,Class1_it2_example_0115,0.0,0.0,0.0,0.0,1.0,0.0,0.0,1,35,[35],1.0,concave,it2,avg
Class1,P1,Class1_it2_example_0116,0.0,0.0,0.0,0.0,1.0,0.0,0.0,1,34,[34],1.0,concave,it2,avg
Class1,P1,Class1_it2_example_0117,0.0,0.0,0.0,0.0,1.0,0.0,0.0,1,43,[43],1.0,concave,it2,avg
Class1,P1,Class1_it2_example_0118,0.0,0.0,0.0,0.0,1.0,0.0,0.0,1,59,[59],1.0,concave,it2,avg
Class1,P1,Class1_it2_example_0119,0.0,0.0,0.0,0.0,1.0,0.0,0.0,1,30,[30],1.0,concave,it2,avg
Class1,P1,Class1_it2_example_0120,0.0,0.0,0.0,0.0,1.0,0.0,0.0,1,32,[32],1.0,concave,it2,avg
Class1,P1,Class1_it2_example_0121,0.0,0.0,0.0,0.0,1.0,0.0,0.0,1,30,[30],1.0,concave,it2,avg
Class1,P1,Class1_it2_example_0122,0.0,0.0,0.0,0.0,1.0,0.0,0.0,1,28,[28],1.0,concave,it2,avg
Class1,P1,Class1_it2_example_0123,0.0,0.0,0.0,0.0,1.0,0.0,0.0,1,28,[28],1.0,concave,it2,avg
Class1,P1,Class1_it2_example_0124,0.0,0.0,0.0,0.0,1.0,0.0,0.0,1,33,[33],1.0,concave,it2,avg
Class1,P1,Class1_it2_example_0125,0.0,0.0,0.0,0.0,1.0,0.0,0.0,1,29,[29],1.0,concave,it2,avg
Class1,P1,Class1_it2_example_0126,0.0,0.0,0.0,0.0,1.0,0.0,0.0,1,26,[26],1.0,concave,it2,avg
Class1,P1,Class1_it2_example_0127,0.0,0.0,0.0,0.0,1.0,0.0,0.0,1,29,[29],1.0,concave,it2,avg
Class1,P1,Class1_it2_example_0128,0.0,0.0,0.0,0.0,1.0,0.0,0.0,1,33,[33],1.0,concave,it2,avg
Class1,P1,Class1_it2_example_0129,0.0,0.0,0.0,0.0,1.0,0.0,0.0,1,34,[34],1.0,concave,it2,avg
Class1,P1,Class1_it2_example_0130,0.0,0.0,0.0,0.0,1.0,0.0,0.0,1,48,[48],1.0,concave,it2,avg
Class1,P1,Class1_it2_example_0131,0.0,0.0,0.0,0.0,1.0,0.0,0.0,1,35,[35],1.0,concave,it2,avg
Class1,P1,Class1_it2_example_0132,0.0,0.0,0.0,0.0,1.0,0.0,0.0,1,46,[46],1.0,concave,it2,avg
Class1,P1,Class1_it2_example_0133,0.0,0.0,0.0,0.0,1.0,0.0,0.0,1,54,[54],1.0,concave,it2,avg
Class1,P1,Class1_it2_example_0134,0.0,0.0,0.0,0.0,1.0,0.0,0.0,1,45,[45],1.0,concave,it2,avg
Class1,P1,Class1_it2_example_0135,0.0,0.0,0.0,0.0,1.0,0.0,0.0,1,25,[25],1.0,concave,it2,avg
Class1,P1,Class1_it2_example_0136,0.0,0.0,0.0,0.0,1.0,0.0,0.0,1,31,[31],1.0,concave,it2,avg
Class1,P1,Class1_it2_example_0137,0.0,0.0,0.0,0.0,1.0,0.0,0.0,1,36,[36],1.0,concave,it2,avg
Class1,P1,Class1_it2_example_0138,0.0,0.0,0.0,0.0,1.0,0.0,0.0,1,36,[36],1.0,concave,it2,avg
Class1,P1,Class1_it2_example_0139,0.0,0.0,0.0,0.0,1.0,0.0,0.0,1,42,[42],1.0,concave,it2,avg
Class1,P1,Class1_it2_example_0140,0.0,0.0,0.0,0.0,1.0,0.0,0.0,1,39,[39],1.0,concave,it2,avg
Class1,P1,Class1_it2_example_0141,0.0,0.0,0.0,0.0,1.0,0.0,0.0,1,34,[34],1.0,concave,it2,avg
Class1,P1,Class1_it2_example_0142,0.0,0.0,0.0,0.0,1.0,0.0,0.0,1,36,[36],1.0,concave,it2,avg
Class1,P1,Class1_it2_example_0143,0.0,0.0,0.0,0.0,1.0,0.0,0.0,1,30,[30],1.0,concave,it2,avg
Class1,P1,Class1_it2_example_0144,0.0,0.0,0.0,0.0,1.0,0.0,0.0,1,35,[35],1.0,concave,it2,avg
Class1,P1,Class1_it2_example_0145,0.0,0.0,0.0,0.0,1.0,0.0,0.0,1,29,[29],1.0,concave,it2,avg
Class1,P1,Class1_it2_example_0146,0.0,0.0,0.0,0.0,1.0,0.0,0.0,1,44,[44],1.0,concave,it2,avg
Class1,P1,Class1_it2_example_0147,0.0,0.0,0.0,0.0,1.0,0.0,0.0,1,32,[32],1.0,concave,it2,avg
Class1,P1,Class1_it2_example_0148,0.0,0.0,0.0,0.0,1.0,0.0,0.0,1,29,[29],1.0,concave,it2,avg
Class1,P1,Class1_it2_example_0149,0.0,0.0,0.0,0.0,1.0,0.0,0.0,1,35,[35],1.0,concave,it2,avg
Class1,P1,Class1_it2_example_0150,0.0,0.0,0.0,0.0,1.0,0.0,0.0,1,25,[25],1.0,concave,it2,avg
Class1,P1,Class1_it2_example_0151,0.0,0.0,0.0,0.0,1.0,0.0,0.0,1,24,[24],1.0,concave,it2,avg
Class1,P1,Class1_it2_example_0152,0.0,0.0,0.0,0.0,1.0,0.0,0.0,1,23,[23],1.0,concave,it2,avg
Class1,P1,Class1_it2_example_0153,0.0,0.0,0.0,0.0,1.0,0.0,0.0,1,23,[23],1.0,concave,it2,avg
Class1,P1,Class1_it2_example_0154,0.0,0.0,0.0,0.0,1.0,0.0,0.0,1,23,[23],1.0,concave,it2,avg
Class1,P1,Class1_it2_example_0155,0.0,0.0,0.0,0.0,1.0,0.0,0.0,1,23,[23],1.0,concave,it2,avg
Class1,P1,Class1_it2_example_0156,0.0,0.0,0.0,0.0,1.0,0.0,0.0,1,23,[23],1.0,concave,it2,avg
Class1,P1,Class1_it2_example_0157,0.0,0.0,0.0,0.0,1.0,0.0,0.0,1,35,[35],1.0,concave,it2,avg
Class1,P1,Class1_it2_example_0158,0.0,0.0,0.0,0.0,1.0,0.0,0.0,1,38,[38],1.0,concave,it2,avg
Class1,P1,Class1_it2_example_0159,0.0,0.0,0.0,0.0,1.0,0.0,0.0,1,37,[37],1.0,concave,it2,avg
Class1,P1,Class1_it2_example_0160,1.0,0.00016032617049666076,1.0000000128522404,1.0000000128522404,1.0,0.0,0.0,1,40,[39],1.0,concave,it2,avg
Class1,P1,Class1_it2_example_0161,0.0,0.0,0.0,0.0,1.0,0.0,0.0,1,37,[37],1.0,concave,it2,avg
Class1,P1,Class1_it2_example_0162,0.0,0.0,0.0,0.0,1.0,0.0,0.0,1,39,[39],1.0,concave,it2,avg
Class1,P1,Class1_it2_example_0163,0.0,0.0,0.0,0.0,1.0,0.0,0.0,1,38,[38],1.0,concave,it2,avg
Class1,P1,Class1_it2_example_0164,1.0,0.0009179996312558281,1.0000004213615727,1.0000004213615727,1.0,0.0,0.0,1,39,[38],1.0,concave,it2,avg
Class1,P1,Class1_it2_example_0165,0.0,0.0,0.0,0.0,1.0,0.0,0.0,1,38,[38],1.0,concave,it2,avg
Class1,P1,Class1_it2_example_0166,0.0,0.0,0.0,0.0,1.0,0.0,0.0,1,37,[37],1.0,concave,it2,avg
Class1,P1,Class1_it2_example_0167,0.0,0.0,0.0,0.0,1.0,0.0,0.0,1,40,[40],1.0,concave,it2,avg
Class1,P1,Class1_it2_example_0168,0.0,0.0,0.0,0.0,1.0,0.0,0.0,1,36,[36],1.0,concave,it2,avg
Class1,P1,Class1_it2_example_0169,0.0,0.0,0.0,0.0,1.0,0.0,0.0,1,33,[33],1.0,concave,it2,avg
Class1,P1,Class1_it2_example_0170,0.0,0.0,0.0,0.0,1.0,0.0,0.0,1,44,[44],1.0,concave,it2,avg
Class1,P1,Class1_it2_example_0171,0.0,0.0,0.0,0.0,1.0,0.0,0.0,1,29,[29],1.0,concave,it2,avg
Class1,P1,Class1_it2_example_0172,0.0,0.0,0.0,0.0,1.0,0.0,0.0,1,30,[30],1.0,concave,it2,avg
Class1,P1,Class1_it2_example_0173,0.0,0.0,0.0,0.0,1.0,0.0,0.0,1,29,[29],1.0,concave,it2,avg
Class1,P1,Class1_it2_example_0174,0.0,0.0,0.0,0.0,1.0,0.0,0.0,1,29,[29],1.0,concave,it2,avg
Class1,P1,Class1_it2_example_0175,0.0,0.0,0.0,0.0,1.0,0.0,0.0,1,29,[29],1.0,concave,it2,avg
Class1,P1,Class1_it2_example_0176,0.0,0.0,0.0,0.0,1.0,0.0,0.0,1,28,[28],1.0,concave,it2,avg
Class1,P1,Class1_it2_example_0177,0.0,0.0,0.0,0.0,1.0,0.0,0.0,1,28,[28],1.0,concave,it2,avg
Class1,P1,Class1_it2_example_0178,0.0,0.0,0.0,0.0,1.0,0.0,0.0,1,35,[35],1.0,concave,it2,avg
Class1,P1,Class1_it2_example_0179,0.0,0.0,0.0,0.0,1.0,0.0,0.0,1,35,[35],1.0,concave,it2,avg
Class1,P1,Class1_it2_example_0180,0.0,0.0,0.0,0.0,1.0,0.0,0.0,1,36,[36],1.0,concave,it2,avg
Class1,P1,Class1_it2_example_0181,1.0,0.0008312968885171301,1.0000003455271989,1.0000003455271989,1.0,0.0,0.0,1,38,[37],1.0,concave,it2,avg
Class1,P1,Class1_it2_example_0182,1.0,0.0028821950745172575,1.000004153515598,1.000004153515598,1.0,0.0,0.0,1,36,[35],1.0,concave,it2,avg
Class1,P1,Class1_it2_example_0183,0.0,0.0,0.0,0.0,1.0,0.0,0.0,1,32,[32],1.0,concave,it2,avg
Class1,P1,Class1_it2_example_0184,0.0,0.0,0.0,0.0,1.0,0.0,0.0,1,23,[23],1.0,concave,it2,avg
Class1,P1,Class1_it2_example_0185,0.0,0.0,0.0,0.0,1.0,0.0,0.0,1,30,[30],1.0,concave,it2,avg
Class1,P1,Class1_it2_example_0186,1.0,0.000396195290903012,1.0000001107334666,1.0000000101152806,1.0,0.0,0.0,2,30,"[29, 31]",1.0,concave,it2,avg
Class1,P1,Class1_it2_example_0187,0.0,0.0,0.0,0.0,1.0,0.0,0.0,1,28,[28],1.0,concave,it2,avg
Class1,P1,Class1_it2_example_0188,0.0,0.0,0.0,0.0,1.0,0.0,0.0,1,23,[23],1.0,concave,it2,avg
Class1,P1,Class1_it2_example_0189,0.0,0.0,0.0,0.0,1.0,0.0,0.0,1,26,[26],1.0,concave,it2,avg
Class1,P1,Class1_it2_example_0190,0.0,0.0,0.0,0.0,1.0,0.0,0.0,1,24,[24],1.0,concave,it2,avg
Class1,P1,Class1_it2_example_0191,0.0,0.0,0.0,0.0,1.0,0.0,0.0,1,25,[25],1.0,concave,it2,avg
Class1,P1,Class1_it2_example_0192,0.0,0.0,0.0,0.0,1.0,0.0,0.0,1,26,[26],1.0,concave,it2,avg
Class1,P1,Class1_it2_example_0193,1.0,0.0007454873143434293,1.0000002778756294,1.0000002778756294,1.0,0.0,0.0,1,30,[29],1.0,concave,it2,avg
Class1,P1,Class1_it2_example_0194,0.0,0.0,0.0,0.0,1.0,0.0,0.0,1,27,[27],1.0,concave,it2,avg
Class1,P1,Class1_it2_example_0195,0.0,0.0,0.0,0.0,1.0,0.0,0.0,1,30,[30],1.0,concave,it2,avg
Class1,P1,Class1_it2_example_0196,0.0,0.0,0.0,0.0,1.0,0.0,0.0,1,26,[26],1.0,concave,it2,avg
Class1,P1,Class1_it2_example_0197,0.0,0.0,0.0,0.0,1.0,0.0,0.0,1,47,[47],1.0,concave,it2,avg
Class1,P1,Class1_it2_example_0198,0.0,0.0,0.0,0.0,1.0,0.0,0.0,1,46,[46],1.0,concave,it2,avg
Class1,P1,Class1_it2_example_0199,0.0,0.0,0.0,0.0,1.0,0.0,0.0,1,46,[46],1.0,concave,it2,avg
Class1,P1,Class1_it2_example_0200,0.0,0.0,0.0,0.0,1.0,0.0,0.0,1,46,[46],1.0,concave,it2,avg
Class1,P1,Class1_it2_example_0201,0.0,0.0,0.0,0.0,1.0,0.0,0.0,1,31,[31],1.0,concave,it2,avg
Class1,P1,Class1_it2_example_0202,0.0,0.0,0.0,0.0,1.0,0.0,0.0,1,34,[34],1.0,concave,it2,avg
Class1,P1,Class1_it2_example_0203,0.0,0.0,0.0,0.0,1.0,0.0,0.0,1,35,[35],1.0,concave,it2,avg
Class1,P1,Class1_it2_example_0204,0.0,0.0,0.0,0.0,1.0,0.0,0.0,1,27,[27],1.0,concave,it2,avg
Class1,P1,Class1_it2_example_0205,0.0,0.0,0.0,0.0,1.0,0.0,0.0,1,39,[39],1.0,concave,it2,avg
Class1,P1,Class1_it2_example_0206,0.0,0.0,0.0,0.0,1.0,0.0,0.0,1,44,[44],1.0,concave,it2,avg
Class1,P1,Class1_it2_example_0207,0.0,0.0,0.0,0.0,1.0,0.0,0.0,1,40,[40],1.0,concave,it2,avg
Class1,P1,Class1_it2_example_0208,0.0,0.0,0.0,0.0,1.0,0.0,0.0,1,38,[38],1.0,concave,it2,avg
Class1,P1,Class1_it2_example_0209,0.0,0.0,0.0,0.0,1.0,0.0,0.0,1,49,[49],1.0,concave,it2,avg
Class1,P1,Class1_it2_example_0210,0.0,0.0,0.0,0.0,1.0,0.0,0.0,1,37,[37],1.0,concave,it2,avg
Class1,P1,Class1_it2_example_0211,0.0,0.0,0.0,0.0,1.0,0.0,0.0,1,39,[39],1.0,concave,it2,avg
Class1,P1,Class1_it2_example_0212,0.0,0.0,0.0,0.0,1.0,0.0,0.0,1,39,[39],1.0,concave,it2,avg
Class1,P1,Class1_it2_example_0213,0.0,0.0,0.0,0.0,1.0,0.0,0.0,1,39,[39],1.0,concave,it2,avg
Class1,P1,Class1_it2_example_0214,0.0,0.0,0.0,0.0,1.0,0.0,0.0,1,41,[41],1.0,concave,it2,avg
Class1,P1,Class1_it2_example_0215,0.0,0.0,0.0,0.0,1.0,0.0,0.0,1,46,[46],1.0,concave,it2,avg
Class1,P1,Class1_it2_example_0216,0.0,0.0,0.0,0.0,1.0,0.0,0.0,1,45,[45],1.0,concave,it2,avg
Class1,P1,Class1_it2_example_0217,0.0,0.0,0.0,0.0,1.0,0.0,0.0,1,41,[41],1.0,concave,it2,avg
Class1,P1,Class1_it2_example_0218,0.0,0.0,0.0,0.0,1.0,0.0,0.0,1,40,[40],1.0,concave,it2,avg
Class1,P1,Class1_it2_example_0219,0.0,0.0,0.0,0.0,1.0,0.0,0.0,1,43,[43],1.0,concave,it2,avg
Class1,P1,Class1_it2_example_0220,0.0,0.0,0.0,0.0,1.0,0.0,0.0,1,43,[43],1.0,concave,it2,avg
Class1,P1,Class1_it2_example_0221,0.0,0.0,0.0,0.0,1.0,0.0,0.0,1,44,[44],1.0,concave,it2,avg
Class1,P1,Class1_it2_example_0222,0.0,0.0,0.0,0.0,1.0,0.0,0.0,1,45,[45],1.0,concave,it2,avg
Class1,P1,Class1_it2_example_0223,0.0,0.0,0.0,0.0,1.0,0.0,0.0,1,42,[42],1.0,concave,it2,avg
Class1,P1,Class1_it2_example_0224,0.0,0.0,0.0,0.0,1.0,0.0,0.0,1,45,[45],1.0,concave,it2,avg
Class1,P1,Class1_it2_example_0225,0.0,0.0,0.0,0.0,1.0,0.0,0.0,1,29,[29],1.0,concave,it2,avg
Class1,P1,Class1_it2_example_0226,0.0,0.0,0.0,0.0,1.0,0.0,0.0,1,35,[35],1.0,concave,it2,avg
Class1,P1,Class1_it2_example_0227,0.0,0.0,0.0,0.0,1.0,0.0,0.0,1,32,[32],1.0,concave,it2,avg
Class1,P1,Class1_it2_example_0228,0.0,0.0,0.0,0.0,1.0,0.0,0.0,1,33,[33],1.0,concave,it2,avg
Class1,P1,Class1_it2_example_0229,0.0,0.0,0.0,0.0,1.0,0.0,0.0,1,37,[37],1.0,concave,it2,avg
Class1,P1,Class1_it2_example_0230,0.0,0.0,0.0,0.0,1.0,0.0,0.0,1,33,[33],1.0,concave,it2,avg
Class1,P1,Class1_it2_example_0231,0.0,0.0,0.0,0.0,1.0,0.0,0.0,1,31,[31],1.0,concave,it2,avg
Class1,P1,Class1_it2_example_0232,0.0,0.0,0.0,0.0,1.0,0.0,0.0,1,30,[30],1.0,concave,it2,avg
Class1,P1,Class1_it2_example_0233,0.0,0.0,0.0,0.0,1.0,0.0,0.0,1,29,[29],1.0,concave,it2,avg
Class1,P1,Class1_it2_example_0234,0.0,0.0,0.0,0.0,1.0,0.0,0.0,1,33,[33],1.0,concave,it2,avg
Class1,P1,Class1_it2_example_0235,0.0,0.0,0.0,0.0,1.0,0.0,0.0,1,32,[32],1.0,concave,it2,avg
Class1,P1,Class1_it2_example_0236,0.0,0.0,0.0,0.0,1.0,0.0,0.0,1,29,[29],1.0,concave,it2,avg
Class1,P1,Class1_it2_example_0237,0.0,0.0,0.0,0.0,1.0,0.0,0.0,1,33,[33],1.0,concave,it2,avg
Class1,P1,Class1_it2_example_0238,0.0,0.0,0.0,0.0,1.0,0.0,0.0,1,31,[31],1.0,concave,it2,avg
Class1,P1,Class1_it2_example_0239,0.0,0.0,0.0,0.0,1.0,0.0,0.0,1,30,[30],1.0,concave,it2,avg
Class1,P1,Class1_it2_example_0240,0.0,0.0,0.0,0.0,1.0,0.0,0.0,1,34,[34],1.0,concave,it2,avg
Class1,P1,Class1_it2_example_0241,0.0,0.0,0.0,0.0,1.0,0.0,0.0,1,33,[33],1.0,concave,it2,avg
Class1,P1,Class1_it2_example_0242,0.0,0.0,0.0,0.0,1.0,0.0,0.0,1,29,[29],1.0,concave,it2,avg
Class1,P1,Class1_it2_example_0243,0.0,0.0,0.0,0.0,1.0,0.0,0.0,1,29,[29],1.0,concave,it2,avg
Class1,P1,Class1_it2_example_0244,0.0,0.0,0.0,0.0,1.0,0.0,0.0,1,29,[29],1.0,concave,it2,avg
Class1,P1,Class1_it2_example_0245,0.0,0.0,0.0,0.0,1.0,0.0,0.0,1,31,[31],1.0,concave,it2,avg
Class1,P1,Class1_it2_example_0246,0.0,0.0,0.0,0.0,1.0,0.0,0.0,1,26,[26],1.0,concave,it2,avg
Class1,P1,Class1_it2_example_0247,0.0,0.0,0.0,0.0,1.0,0.0,0.0,1,33,[33],1.0,concave,it2,avg
Class1,P1,Class1_it2_example_0248,0.0,0.0,0.0,0.0,1.0,0.0,0.0,1,27,[27],1.0,concave,it2,avg
Class1,P1,Class1_it2_example_0249,0.0,0.0,0.0,0.0,1.0,0.0,0.0,1,27,[27],1.0,concave,it2,avg
Class1,P1,Class1_it2_example_0250,0.0,0.0,0.0,0.0,1.0,0.0,0.0,1,29,[29],1.0,concave,it2,avg
Class2,P1,Class2_it2_example_0001,2.0,0.005526722584309085,2.0000076361510533,2.0000076361510533,1.0,0.0,0.0,1,40,[42],0.932,concave,it2,avg
Class2,P1,Class2_it2_example_0002,,,,,,,1.0,0,38,[],0.932,concave,it2,avg
Class2,P1,Class2_it2_example_0003,0.0,0.0,0.0,0.0,1.0,0.0,0.0,1,36,[36],0.932,concave,it2,avg
Class2,P1,Class2_it2_example_0004,0.0,0.0,0.0,0.0,1.0,0.0,0.0,1,35,[35],0.932,concave,it2,avg
Class2,P1,Class2_it2_example_0005,1.0,0.0004344185943259138,1.0000000943597531,1.0000000943597531,1.0,0.0,0.0,1,39,[40],0.932,concave,it2,avg
Class2,P1,Class2_it2_example_0006,1.0,0.0005343591525933666,1.0000001427698417,1.0000001427698417,1.0,0.0,0.0,1,37,[38],0.932,concave,it2,avg
Class2,P1,Class2_it2_example_0007,0.0,0.0,0.0,0.0,1.0,0.0,0.0,1,33,[33],0.932,concave,it2,avg
Class2,P1,Class2_it2_example_0008,0.0,0.0,0.0,0.0,1.0,0.0,0.0,1,38,[38],0.932,concave,it2,avg
Class2,P1,Class2_it2_example_0009,1.0,0.00016680597780605044,1.000000013912117,1.000000013912117,1.0,0.0,0.0,1,39,[38],0.932,concave,it2,avg
Class2,P1,Class2_it2_example_0010,1.0,0.00012653546340557487,1.0000000080056117,1.0000000080056117,1.0,0.0,0.0,1,25,[26],0.932,concave,it2,avg
Class2,P1,Class2_it2_example_0011,0.0,0.0,0.0,0.0,1.0,0.0,0.0,1,29,[29],0.932,concave,it2,avg
Class2,P1,Class2_it2_example_0012,0.0,0.0,0.0,0.0,1.0,0.0,0.0,1,24,[24],0.932,concave,it2,avg
Class2,P1,Class2_it2_example_0013,0.0,0.0,0.0,0.0,1.0,0.0,0.0,1,28,[28],0.932,concave,it2,avg
Class2,P1,Class2_it2_example_0014,1.0,0.0010774212141657635,1.0000005804180678,1.0000005804180678,1.0,0.0,0.0,1,30,[31],0.932,concave,it2,avg
Class2,P1,Class2_it2_example_0015,0.0,0.0,0.0,0.0,1.0,0.0,0.0,1,29,[29],0.932,concave,it2,avg
Class2,P1,Class2_it2_example_0016,0.0,0.0,0.0,0.0,1.0,0.0,0.0,1,30,[30],0.932,concave,it2,avg
Class2,P1,Class2_it2_example_0017,0.0,0.0,0.0,0.0,1.0,0.0,0.0,1,20,[20],0.932,concave,it2,avg
Class2,P1,Class2_it2_example_0018,1.0,5.113022855673943e-05,1.0000000013071502,1.0000000013071502,1.0,0.0,0.0,1,26,[27],0.932,concave,it2,avg
Class2,P1,Class2_it2_example_0019,0.0,0.0,0.0,0.0,1.0,0.0,0.0,1,31,[31],0.932,concave,it2,avg
Class2,P1,Class2_it2_example_0020,0.0,0.0,0.0,0.0,1.0,0.0,0.0,1,39,[39],0.932,concave,it2,avg
Class2,P1,Class2_it2_example_0021,0.0,0.0,0.0,0.0,1.0,0.0,0.0,1,39,[39],0.932,concave,it2,avg
Class2,P1,Class2_it2_example_0022,0.0,0.0,0.0,0.0,1.0,0.0,0.0,1,29,[29],0.932,concave,it2,avg
Class2,P1,Class2_it2_example_0023,8.0,0.012533925287493697,8.00000981869917,0.0,1.0,1.0,0.0,2,37,"[37, 53]",0.932,concave,it2,avg
Class2,P1,Class2_it2_example_0024,1.0,0.003263495777752423,1.0000053251881669,1.0000053251881669,1.0,0.0,0.0,1,30,[31],0.932,concave,it2,avg
Class2,P1,Class2_it2_example_0025,0.0,0.0,0.0,0.0,1.0,0.0,0.0,1,37,[37],0.932,concave,it2,avg
Class2,P1,Class2_it2_example_0026,1.0,0.0019655499820199207,1.0000019316915003,1.0000019316915003,1.0,0.0,0.0,1,30,[31],0.932,concave,it2,avg
Class2,P1,Class2_it2_example_0027,0.0,0.0,0.0,0.0,1.0,0.0,0.0,1,31,[31],0.932,concave,it2,avg
Class2,P1,Class2_it2_example_0028,0.0,0.0,0.0,0.0,1.0,0.0,0.0,1,31,[31],0.932,concave,it2,avg
Class2,P1,Class2_it2_example_0029,0.0,0.0,0.0,0.0,1.0,0.0,0.0,1,30,[30],0.932,concave,it2,avg
Class2,P1,Class2_it2_example_0030,1.0,0.00038307202550946773,1.0000000733720857,1.0000000733720857,1.0,0.0,0.0,1,31,[32],0.932,concave,it2,avg
Class2,P1,Class2_it2_example_0031,1.0,0.002717917182206042,1.0000036935300836,1.0000036935300836,1.0,0.0,0.0,1,31,[32],0.932,concave,it2,avg
Class2,P1,Class2_it2_example_0032,0.0,0.0,0.0,0.0,1.0,0.0,0.0,1,38,[38],0.932,concave,it2,avg
Class2,P1,Class2_it2_example_0033,1.0,8.967988119257253e-05,1.0000000040212405,1.0000000040212405,1.0,0.0,0.0,1,39,[40],0.932,concave,it2,avg
Class2,P1,Class2_it2_example_0034,1.0,0.0008248625765445716,1.0000003401990771,1.0000003401990771,1.0,0.0,0.0,1,40,[41],0.932,concave,it2,avg
Class2,P1,Class2_it2_example_0035,0.0,0.0,0.0,0.0,1.0,0.0,0.0,1,42,[42],0.932,concave,it2,avg
Class2,P1,Class2_it2_example_0036,0.0,0.0,0.0,0.0,1.0,0.0,0.0,1,41,[41],0.932,concave,it2,avg
Class2,P1,Class2_it2_example_0037,0.0,0.0,0.0,0.0,1.0,0.0,0.0,1,40,[40],0.932,concave,it2,avg
Class2,P1,Class2_it2_example_0038,0.0,0.0,0.0,0.0,1.0,0.0,0.0,1,39,[39],0.932,concave,it2,avg
Class2,P1,Class2_it2_example_0039,0.0,0.0,0.0,0.0,1.0,0.0,0.0,1,40,[40],0.932,concave,it2,avg
Class2,P1,Class2_it2_example_0040,1.0,0.0019172031473089213,1.0000018378322653,1.0000018378322653,1.0,0.0,0.0,1,40,[41],0.932,concave,it2,avg
Class2,P1,Class2_it2_example_0041,0.0,0.0,0.0,0.0,1.0,0.0,0.0,1,42,[42],0.932,concave,it2,avg
Class2,P1,Class2_it2_example_0042,0.0,0.0,0.0,0.0,1.0,0.0,0.0,1,34,[34],0.932,concave,it2,avg
Class2,P1,Class2_it2_example_0043,0.0,0.0,0.0,0.0,1.0,0.0,0.0,1,39,[39],0.932,concave,it2,avg
Class2,P1,Class2_it2_example_0044,1.0,0.0008816782489731168,1.0000003886781919,1.0000003886781919,1.0,0.0,0.0,1,39,[40],0.932,concave,it2,avg
Class2,P1,Class2_it2_example_0045,,,,,,,1.0,0,39,[],0.932,concave,it2,avg
Class2,P1,Class2_it2_example_0046,,,,,,,1.0,0,39,[],0.932,concave,it2,avg
Class2,P1,Class2_it2_example_0047,0.0,0.0,0.0,0.0,1.0,0.0,0.0,1,42,[42],0.932,concave,it2,avg
Class2,P1,Class2_it2_example_0048,0.0,0.0,0.0,0.0,1.0,0.0,0.0,1,74,[74],0.932,concave,it2,avg
Class2,P1,Class2_it2_example_0049,0.0,0.0,0.0,0.0,1.0,0.0,0.0,1,45,[45],0.932,concave,it2,avg
Class2,P1,Class2_it2_example_0050,,,,,,,1.0,0,36,[],0.932,concave,it2,avg
Class2,P1,Class2_it2_example_0051,1.0,0.0010995154962181175,1.0000006044669805,1.0000006044669805,1.0,0.0,0.0,1,29,[30],0.932,concave,it2,avg
Class2,P1,Class2_it2_example_0052,,,,,,,1.0,0,36,[],0.932,concave,it2,avg
Class2,P1,Class2_it2_example_0053,1.0,0.00021325199640143122,1.0000000227382067,1.0000000227382067,1.0,0.0,0.0,1,45,[46],0.932,concave,it2,avg
Class2,P1,Class2_it2_example_0054,,,,,,,1.0,0,38,[],0.932,concave,it2,avg
Class2,P1,Class2_it2_example_0055,1.0,0.0016594374197833606,1.0000013768653273,1.0000013768653273,1.0,0.0,0.0,1,38,[37],0.932,concave,it2,avg
Class2,P1,Class2_it2_example_0056,0.0,0.0,0.0,0.0,1.0,0.0,0.0,1,29,[29],0.932,concave,it2,avg
Class2,P1,Class2_it2_example_0057,0.0,0.0,0.0,0.0,1.0,0.0,0.0,1,25,[25],0.932,concave,it2,avg
Class2,P1,Class2_it2_example_0058,1.0,0.0006031331880903545,1.0000001818848048,1.0000001818848048,1.0,0.0,0.0,1,24,[25],0.932,concave,it2,avg
Class2,P1,Class2_it2_example_0059,1.0,0.0017267949591480702,1.000001490909304,1.000001490909304,1.0,0.0,0.0,1,27,[28],0.932,concave,it2,avg
Class2,P1,Class2_it2_example_0060,1.0,0.0004865685463912861,1.0000001183744682,1.0000001183744682,1.0,0.0,0.0,1,37,[38],0.932,concave,it2,avg
Class2,P1,Class2_it2_example_0061,,,,,,,1.0,0,36,[],0.932,concave,it2,avg
Class2,P1,Class2_it2_example_0062,2.0,0.003900200128885478,2.000003802886646,2.000003802886646,1.0,0.0,0.0,1,33,[35],0.932,concave,it2,avg
Class2,P1,Class2_it2_example_0063,0.0,0.0,0.0,0.0,1.0,0.0,0.0,1,36,[36],0.932,concave,it2,avg
Class2,P1,Class2_it2_example_0064,0.0,0.0,0.0,0.0,1.0,0.0,0.0,1,30,[30],0.932,concave,it2,avg
Class2,P1,Class2_it2_example_0065,1.0,0.00013476808424439657,1.0000000090812182,1.0000000090812182,1.0,0.0,0.0,1,33,[34],0.932,concave,it2,avg
Class2,P1,Class2_it2_example_0066,2.5,0.006536052130231451,2.50000854398089,0.0,1.0,1.0,0.0,2,38,"[33, 38]",0.932,concave,it2,avg
Class2,P1,Class2_it2_example_0067,0.0,0.0,0.0,0.0,1.0,0.0,0.0,1,32,[32],0.932,concave,it2,avg
Class2,P1,Class2_it2_example_0068,0.0,0.0,0.0,0.0,1.0,0.0,0.0,1,46,[46],0.932,concave,it2,avg
Class2,P1,Class2_it2_example_0069,0.0,0.0,0.0,0.0,1.0,0.0,0.0,1,43,[43],0.932,concave,it2,avg
Class2,P1,Class2_it2_example_0070,0.0,0.0,0.0,0.0,1.0,0.0,0.0,1,32,[32],0.932,concave,it2,avg
Class2,P1,Class2_it2_example_0071,1.0,3.0613293757864035e-05,1.0000000004685867,0.0,1.0,0.0,0.0,2,32,"[32, 34]",0.932,concave,it2,avg
Class2,P1,Class2_it2_example_0072,0.0,0.0,0.0,0.0,1.0,0.0,0.0,1,30,[30],0.932,concave,it2,avg
Class2,P1,Class2_it2_example_0073,1.0,0.0030298982071162994,1.0000045901310382,1.0000045901310382,1.0,0.0,0.0,1,29,[30],0.932,concave,it2,avg
Class2,P1,Class2_it2_example_0074,0.0,0.0,0.0,0.0,1.0,0.0,0.0,1,26,[26],0.932,concave,it2,avg
Class2,P1,Class2_it2_example_0075,0.0,0.0,0.0,0.0,1.0,0.0,0.0,1,24,[24],0.932,concave,it2,avg
Class2,P1,Class2_it2_example_0076,0.0,0.0,0.0,0.0,1.0,0.0,0.0,1,30,[30],0.932,concave,it2,avg
Class2,P1,Class2_it2_example_0077,0.0,0.0,0.0,0.0,1.0,0.0,0.0,1,30,[30],0.932,concave,it2,avg
Class2,P1,Class2_it2_example_0078,0.0,0.0,0.0,0.0,1.0,0.0,0.0,1,33,[33],0.932,concave,it2,avg
Class2,P1,Class2_it2_example_0079,0.0,0.0,0.0,0.0,1.0,0.0,0.0,1,29,[29],0.932,concave,it2,avg
Class2,P1,Class2_it2_example_0080,0.0,0.0,0.0,0.0,1.0,0.0,0.0,1,25,[25],0.932,concave,it2,avg
Class2,P1,Class2_it2_example_0081,1.5,0.00042577876953248106,1.5000000604291857,0.0,1.0,0.0,0.0,2,32,"[29, 32]",0.932,concave,it2,avg
Class2,P1,Class2_it2_example_0082,0.0,0.0,0.0,0.0,1.0,0.0,0.0,1,30,[30],0.932,concave,it2,avg
Class2,P1,Class2_it2_example_0083,0.0,0.0,0.0,0.0,1.0,0.0,0.0,1,23,[23],0.932,concave,it2,avg
Class2,P1,Class2_it2_example_0084,0.0,0.0,0.0,0.0,1.0,0.0,0.0,1,42,[42],0.932,concave,it2,avg
Class2,P1,Class2_it2_example_0085,2.0,0.0012857592544182062,2.000000413294172,2.000000413294172,1.0,0.0,0.0,1,38,[40],0.932,concave,it2,avg
Class2,P1,Class2_it2_example_0086,0.0,0.0,0.0,0.0,1.0,0.0,0.0,1,37,[37],0.932,concave,it2,avg
Class2,P1,Class2_it2_example_0087,0.0,0.0,0.0,0.0,1.0,0.0,0.0,1,38,[38],0.932,concave,it2,avg
Class2,P1,Class2_it2_example_0088,1.0,0.0009204906325238627,1.0000004236514126,1.0000004236514126,1.0,0.0,0.0,1,29,[30],0.932,concave,it2,avg
Class2,P1,Class2_it2_example_0089,0.0,0.0,0.0,0.0,1.0,0.0,0.0,1,29,[29],0.932,concave,it2,avg
Class2,P1,Class2_it2_example_0090,1.0,0.0019030642124875374,1.000001810825059,1.000001810825059,1.0,0.0,0.0,1,31,[32],0.932,concave,it2,avg
Class2,P1,Class2_it2_example_0091,,,,,,,1.0,0,37,[],0.932,concave,it2,avg
Class2,P1,Class2_it2_example_0092,,,,,,,1.0,0,33,[],0.932,concave,it2,avg
Class2,P1,Class2_it2_example_0093,1.0,0.00039368513385618087,1.0000000774939892,1.0000000774939892,1.0,0.0,0.0,1,33,[34],0.932,concave,it2,avg
Class2,P1,Class2_it2_example_0094,,,,,,,1.0,0,32,[],0.932,concave,it2,avg
Class2,P1,Class2_it2_example_0095,0.0,0.0,0.0,0.0,1.0,0.0,0.0,1,33,[33],0.932,concave,it2,avg
Class2,P1,Class2_it2_example_0096,,,,,,,1.0,0,31,[],0.932,concave,it2,avg
Class2,P1,Class2_it2_example_0097,0.0,0.0,0.0,0.0,1.0,0.0,0.0,1,30,[30],0.932,concave,it2,avg
Class2,P1,Class2_it2_example_0098,,,,,,,1.0,0,36,[],0.932,concave,it2,avg
Class2,P1,Class2_it2_example_0099,,,,,,,1.0,0,33,[],0.932,concave,it2,avg
Class2,P1,Class2_it2_example_0100,0.0,0.0,0.0,0.0,1.0,0.0,0.0,1,49,[49],0.932,concave,it2,avg
Class2,P1,Class2_it2_example_0101,2.0,0.003721741926906552,2.000003462837745,2.000003462837745,1.0,0.0,0.0,1,40,[42],0.932,concave,it2,avg
Class2,P1,Class2_it2_example_0102,0.0,0.0,0.0,0.0,1.0,0.0,0.0,1,34,[34],0.932,concave,it2,avg
Class2,P1,Class2_it2_example_0103,0.0,0.0,0.0,0.0,1.0,0.0,0.0,1,33,[33],0.932,concave,it2,avg
Class2,P1,Class2_it2_example_0104,0.0,0.0,0.0,0.0,1.0,0.0,0.0,1,31,[31],0.932,concave,it2,avg
Class2,P1,Class2_it2_example_0105,0.0,0.0,0.0,0.0,1.0,0.0,0.0,1,34,[34],0.932,concave,it2,avg
Class2,P1,Class2_it2_example_0106,1.0,0.00015094212484401126,1.0000000113917624,1.0000000113917624,1.0,0.0,0.0,1,24,[25],0.932,concave,it2,avg
Class2,P1,Class2_it2_example_0107,0.0,0.0,0.0,0.0,1.0,0.0,0.0,1,26,[26],0.932,concave,it2,avg
Class2,P1,Class2_it2_example_0108,0.0,0.0,0.0,0.0,1.0,0.0,0.0,1,37,[37],0.932,concave,it2,avg
Class2,P1,Class2_it2_example_0109,0.0,0.0,0.0,0.0,1.0,0.0,0.0,1,28,[28],0.932,concave,it2,avg
Class2,P1,Class2_it2_example_0110,0.0,0.0,0.0,0.0,1.0,0.0,0.0,1,35,[35],0.932,concave,it2,avg
Class2,P1,Class2_it2_example_0111,1.0,0.0006564911068015489,1.0000002154902634,1.0000002154902634,1.0,0.0,0.0,1,37,[36],0.932,concave,it2,avg
Class2,P1,Class2_it2_example_0112,0.0,0.0,0.0,0.0,1.0,0.0,0.0,1,33,[33],0.932,concave,it2,avg
Class2,P1,Class2_it2_example_0113,0.0,0.0,0.0,0.0,1.0,0.0,0.0,1,28,[28],0.932,concave,it2,avg
Class2,P1,Class2_it2_example_0114,0.0,0.0,0.0,0.0,1.0,0.0,0.0,1,70,[70],0.932,concave,it2,avg
Class2,P1,Class2_it2_example_0115,1.0,0.0001798354907591726,1.0000000161704017,1.0000000161704017,1.0,0.0,0.0,1,51,[52],0.932,concave,it2,avg
Class2,P1,Class2_it2_example_0116,0.0,0.0,0.0,0.0,1.0,0.0,0.0,1,38,[38],0.932,concave,it2,avg
Class2,P1,Class2_it2_example_0117,1.0,0.0003703932732439519,1.000000068595586,1.000000068595586,1.0,0.0,0.0,1,38,[39],0.932,concave,it2,avg
Class2,P1,Class2_it2_example_0118,0.0,0.0,0.0,0.0,1.0,0.0,0.0,1,36,[36],0.932,concave,it2,avg
Class2,P1,Class2_it2_example_0119,0.0,0.0,0.0,0.0,1.0,0.0,0.0,1,43,[43],0.932,concave,it2,avg
Class2,P1,Class2_it2_example_0120,0.0,0.0,0.0,0.0,1.0,0.0,0.0,1,61,[61],0.932,concave,it2,avg
Class2,P1,Class2_it2_example_0121,1.0,0.000639904620110987,1.0000002047389405,1.0000002047389405,1.0,0.0,0.0,1,38,[37],0.932,concave,it2,avg
Class2,P1,Class2_it2_example_0122,0.0,0.0,0.0,0.0,1.0,0.0,0.0,1,35,[35],0.932,concave,it2,avg
Class2,P1,Class2_it2_example_0123,1.5,0.0001432286659873716,1.5000000068381503,0.0,1.0,0.0,0.0,2,35,"[32, 35]",0.932,concave,it2,avg
Class2,P1,Class2_it2_example_0124,10.0,0.012645625454071885,10.000008153894544,4.000005251612208,0.0,2.0,1.0,2,39,"[43, 55]",0.932,concave,it2,avg
Class2,P1,Class2_it2_example_0125,0.0,0.0,0.0,0.0,1.0,0.0,0.0,1,42,[42],0.932,concave,it2,avg
Class2,P1,Class2_it2_example_0126,3.0,0.005005380853949637,3.0000041756366764,3.0000041756366764,1.0,0.0,0.0,1,39,[42],0.932,concave,it2,avg
Class2,P1,Class2_it2_example_0127,1.0,0.00036813104807120745,1.000000067760232,1.000000067760232,1.0,0.0,0.0,1,30,[31],0.932,concave,it2,avg
Class2,P1,Class2_it2_example_0128,3.0,0.006225231939767095,3.000006458911831,3.000006458911831,1.0,0.0,0.0,1,32,[29],0.932,concave,it2,avg
Class2,P1,Class2_it2_example_0129,0.0,0.0,0.0,0.0,1.0,0.0,0.0,1,29,[29],0.932,concave,it2,avg
Class2,P1,Class2_it2_example_0130,0.0,0.0,0.0,0.0,1.0,0.0,0.0,1,32,[32],0.932,concave,it2,avg
Class2,P1,Class2_it2_example_0131,0.0,0.0,0.0,0.0,1.0,0.0,0.0,1,32,[32],0.932,concave,it2,avg
Class2,P1,Class2_it2_example_0132,2.5,0.0053209008291238424,2.500005662390714,0.0,1.0,1.0,0.0,2,29,"[29, 34]",0.932,concave,it2,avg
Class2,P1,Class2_it2_example_0133,0.0,0.0,0.0,0.0,1.0,0.0,0.0,1,34,[34],0.932,concave,it2,avg
Class2,P1,Class2_it2_example_0134,1.0,0.0012833973895147732,1.0000008235540905,1.0000008235540905,1.0,0.0,0.0,1,32,[33],0.932,concave,it2,avg
Class2,P1,Class2_it2_example_0135,1.0,0.00277831195691125,1.000003859501217,1.000003859501217,1.0,0.0,0.0,1,33,[34],0.932,concave,it2,avg
Class2,P1,Class2_it2_example_0136,0.0,0.0,0.0,0.0,1.0,0.0,0.0,1,32,[32],0.932,concave,it2,avg
Class2,P1,Class2_it2_example_0137,1.0,0.00037337374255297373,1.0000000697039735,1.0000000697039735,1.0,0.0,0.0,1,40,[41],0.932,concave,it2,avg
Class2,P1,Class2_it2_example_0138,0.0,0.0,0.0,0.0,1.0,0.0,0.0,1,32,[32],0.932,concave,it2,avg
Class2,P1,Class2_it2_example_0139,1.0,0.00043174116805100304,1.0000000932002138,1.0000000932002138,1.0,0.0,0.0,1,25,[26],0.932,concave,it2,avg
Class2,P1,Class2_it2_example_0140,1.0,0.0017188362242170907,1.0000014771978918,1.0000014771978918,1.0,0.0,0.0,1,30,[31],0.932,concave,it2,avg
Class2,P1,Class2_it2_example_0141,0.0,0.0,0.0,0.0,1.0,0.0,0.0,1,33,[33],0.932,concave,it2,avg
Class2,P1,Class2_it2_example_0142,0.0,0.0,0.0,0.0,1.0,0.0,0.0,1,33,[33],0.932,concave,it2,avg
Class2,P1,Class2_it2_example_0143,1.0,0.002402247527062973,1.0000028853924279,1.0000028853924279,1.0,0.0,0.0,1,32,[33],0.932,concave,it2,avg
Class2,P1,Class2_it2_example_0144,0.0,0.0,0.0,0.0,1.0,0.0,0.0,1,28,[28],0.932,concave,it2,avg
Class2,P1,Class2_it2_example_0145,1.0,8.582721595262743e-05,1.0000000036831553,1.0000000036831553,1.0,0.0,0.0,1,29,[30],0.932,concave,it2,avg
Class2,P1,Class2_it2_example_0146,1.0,0.002773661303615227,1.0000038465911154,1.0000038465911154,1.0,0.0,0.0,1,31,[32],0.932,concave,it2,avg
Class2,P1,Class2_it2_example_0147,0.0,0.0,0.0,0.0,1.0,0.0,0.0,1,35,[35],0.932,concave,it2,avg
Class2,P1,Class2_it2_example_0148,0.0,0.0,0.0,0.0,1.0,0.0,0.0,1,34,[34],0.932,concave,it2,avg
Class2,P1,Class2_it2_example_0149,1.0,0.0024755204561124344,1.00000306409607,1.00000306409607,1.0,0.0,0.0,1,33,[34],0.932,concave,it2,avg
Class2,P1,Class2_it2_example_0150,0.0,0.0,0.0,0.0,1.0,0.0,0.0,1,36,[36],0.932,concave,it2,avg
Class2,P1,Class2_it2_example_0151,0.0,0.0,0.0,0.0,1.0,0.0,0.0,1,32,[32],0.932,concave,it2,avg
Class2,P1,Class2_it2_example_0152,0.0,0.0,0.0,0.0,1.0,0.0,0.0,1,31,[31],0.932,concave,it2,avg
Class2,P1,Class2_it2_example_0153,0.0,0.0,0.0,0.0,1.0,0.0,0.0,1,35,[35],0.932,concave,it2,avg
Class2,P1,Class2_it2_example_0154,0.0,0.0,0.0,0.0,1.0,0.0,0.0,1,31,[31],0.932,concave,it2,avg
Class2,P1,Class2_it2_example_0155,1.0,0.002058955298993248,1.0000021196462152,1.0000021196462152,1.0,0.0,0.0,1,37,[36],0.932,concave,it2,avg
Class2,P1,Class2_it2_example_0156,0.0,0.0,0.0,0.0,1.0,0.0,0.0,1,38,[38],0.932,concave,it2,avg
Class2,P1,Class2_it2_example_0157,0.0,0.0,0.0,0.0,1.0,0.0,0.0,1,38,[38],0.932,concave,it2,avg
Class2,P1,Class2_it2_example_0158,0.0,0.0,0.0,0.0,1.0,0.0,0.0,1,39,[39],0.932,concave,it2,avg
Class2,P1,Class2_it2_example_0159,0.0,0.0,0.0,0.0,1.0,0.0,0.0,1,35,[35],0.932,concave,it2,avg
Class2,P1,Class2_it2_example_0160,1.0,0.0003401902341750862,1.000000057864696,1.000000057864696,1.0,0.0,0.0,1,41,[42],0.932,concave,it2,avg
Class2,P1,Class2_it2_example_0161,,,,,,,1.0,0,28,[],0.932,concave,it2,avg
Class2,P1,Class2_it2_example_0162,0.0,0.0,0.0,0.0,1.0,0.0,0.0,1,26,[26],0.932,concave,it2,avg
Class2,P1,Class2_it2_example_0163,0.0,0.0,0.0,0.0,1.0,0.0,0.0,1,24,[24],0.932,concave,it2,avg
Class2,P1,Class2_it2_example_0164,0.0,0.0,0.0,0.0,1.0,0.0,0.0,1,32,[32],0.932,concave,it2,avg
Class2,P1,Class2_it2_example_0165,0.0,0.0,0.0,0.0,1.0,0.0,0.0,1,33,[33],0.932,concave,it2,avg
Class2,P1,Class2_it2_example_0166,0.0,0.0,0.0,0.0,1.0,0.0,0.0,1,33,[33],0.932,concave,it2,avg
Class2,P1,Class2_it2_example_0167,0.0,0.0,0.0,0.0,1.0,0.0,0.0,1,36,[36],0.932,concave,it2,avg
Class2,P1,Class2_it2_example_0168,0.0,0.0,0.0,0.0,1.0,0.0,0.0,1,33,[33],0.932,concave,it2,avg
Class2,P1,Class2_it2_example_0169,0.0,0.0,0.0,0.0,1.0,0.0,0.0,1,35,[35],0.932,concave,it2,avg
Class2,P1,Class2_it2_example_0170,0.0,0.0,0.0,0.0,1.0,0.0,0.0,1,33,[33],0.932,concave,it2,avg
Class2,P1,Class2_it2_example_0171,0.0,0.0,0.0,0.0,1.0,0.0,0.0,1,31,[31],0.932,concave,it2,avg
Class2,P1,Class2_it2_example_0172,0.0,0.0,0.0,0.0,1.0,0.0,0.0,1,31,[31],0.932,concave,it2,avg
Class2,P1,Class2_it2_example_0173,1.0,0.001011982804260514,1.000000512054467,1.000000512054467,1.0,0.0,0.0,1,29,[30],0.932,concave,it2,avg
Class2,P1,Class2_it2_example_0174,1.0,0.002017740760090758,1.0000020356368156,1.0000020356368156,1.0,0.0,0.0,1,28,[29],0.932,concave,it2,avg
Class2,P1,Class2_it2_example_0175,0.0,0.0,0.0,0.0,1.0,0.0,0.0,1,30,[30],0.932,concave,it2,avg
Class2,P1,Class2_it2_example_0176,0.0,0.0,0.0,0.0,1.0,0.0,0.0,1,30,[30],0.932,concave,it2,avg
Class2,P1,Class2_it2_example_0177,0.0,0.0,0.0,0.0,1.0,0.0,0.0,1,32,[32],0.932,concave,it2,avg
Class2,P1,Class2_it2_example_0178,0.0,0.0,0.0,0.0,1.0,0.0,0.0,1,32,[32],0.932,concave,it2,avg
Class2,P1,Class2_it2_example_0179,0.0,0.0,0.0,0.0,1.0,0.0,0.0,1,41,[41],0.932,concave,it2,avg
Class2,P1,Class2_it2_example_0180,0.0,0.0,0.0,0.0,1.0,0.0,0.0,1,37,[37],0.932,concave,it2,avg
Class2,P1,Class2_it2_example_0181,0.0,0.0,0.0,0.0,1.0,0.0,0.0,1,56,[56],0.932,concave,it2,avg
Class2,P1,Class2_it2_example_0182,0.0,0.0,0.0,0.0,1.0,0.0,0.0,1,59,[59],0.932,concave,it2,avg
Class2,P1,Class2_it2_example_0183,1.0,0.00013359981712846025,1.0000000089244556,1.0000000089244556,1.0,0.0,0.0,1,61,[60],0.932,concave,it2,avg
Class2,P1,Class2_it2_example_0184,1.0,0.002219292498115144,1.0000024626265638,1.0000024626265638,1.0,0.0,0.0,1,25,[26],0.932,concave,it2,avg
Class2,P1,Class2_it2_example_0185,0.0,0.0,0.0,0.0,1.0,0.0,0.0,1,27,[27],0.932,concave,it2,avg
Class2,P1,Class2_it2_example_0186,0.0,0.0,0.0,0.0,1.0,0.0,0.0,1,23,[23],0.932,concave,it2,avg
Class2,P1,Class2_it2_example_0187,0.0,0.0,0.0,0.0,1.0,0.0,0.0,1,24,[24],0.932,concave,it2,avg
Class2,P1,Class2_it2_example_0188,0.0,0.0,0.0,0.0,1.0,0.0,0.0,1,24,[24],0.932,concave,it2,avg
Class2,P1,Class2_it2_example_0189,0.0,0.0,0.0,0.0,1.0,0.0,0.0,1,26,[26],0.932,concave,it2,avg
Class2,P1,Class2_it2_example_0190,0.0,0.0,0.0,0.0,1.0,0.0,0.0,1,23,[23],0.932,concave,it2,avg
Class2,P1,Class2_it2_example_0191,1.0,0.0012434467183918274,1.000000773079572,1.000000773079572,1.0,0.0,0.0,1,35,[36],0.932,concave,it2,avg
Class2,P1,Class2_it2_example_0192,1.0,0.001677129023710311,1.000001406379892,1.000001406379892,1.0,0.0,0.0,1,33,[34],0.932,concave,it2,avg
Class2,P1,Class2_it2_example_0193,0.0,0.0,0.0,0.0,1.0,0.0,0.0,1,29,[29],0.932,concave,it2,avg
Class2,P1,Class2_it2_example_0194,0.0,0.0,0.0,0.0,1.0,0.0,0.0,1,27,[27],0.932,concave,it2,avg
Class2,P1,Class2_it2_example_0195,0.0,0.0,0.0,0.0,1.0,0.0,0.0,1,29,[29],0.932,concave,it2,avg
Class2,P1,Class2_it2_example_0196,0.0,0.0,0.0,0.0,1.0,0.0,0.0,1,29,[29],0.932,concave,it2,avg
Class2,P1,Class2_it2_example_0197,1.0,0.002594171157232039,1.0000033648563353,1.0000033648563353,1.0,0.0,0.0,1,25,[24],0.932,concave,it2,avg
Class2,P1,Class2_it2_example_0198,0.0,0.0,0.0,0.0,1.0,0.0,0.0,1,22,[22],0.932,concave,it2,avg
Class2,P1,Class2_it2_example_0199,0.0,0.0,0.0,0.0,1.0,0.0,0.0,1,26,[26],0.932,concave,it2,avg
Class2,P1,Class2_it2_example_0200,0.0,0.0,0.0,0.0,1.0,0.0,0.0,1,27,[27],0.932,concave,it2,avg
Class2,P1,Class2_it2_example_0201,0.0,0.0,0.0,0.0,1.0,0.0,0.0,1,28,[28],0.932,concave,it2,avg
Class2,P1,Class2_it2_example_0202,0.0,0.0,0.0,0.0,1.0,0.0,0.0,1,22,[22],0.932,concave,it2,avg
Class2,P1,Class2_it2_example_0203,1.0,0.000276337627122869,1.0000000381812413,1.0000000381812413,1.0,0.0,0.0,1,37,[36],0.932,concave,it2,avg
Class2,P1,Class2_it2_example_0204,0.0,0.0,0.0,0.0,1.0,0.0,0.0,1,44,[44],0.932,concave,it2,avg
Class2,P1,Class2_it2_example_0205,1.0,0.001259550999249126,1.0000007932340453,1.0000007932340453,1.0,0.0,0.0,1,39,[40],0.932,concave,it2,avg
Class2,P1,Class2_it2_example_0206,0.0,0.0,0.0,0.0,1.0,0.0,0.0,1,37,[37],0.932,concave,it2,avg
Class2,P1,Class2_it2_example_0207,0.0,0.0,0.0,0.0,1.0,0.0,0.0,1,39,[39],0.932,concave,it2,avg
Class2,P1,Class2_it2_example_0208,0.0,0.0,0.0,0.0,1.0,0.0,0.0,1,38,[38],0.932,concave,it2,avg
Class2,P1,Class2_it2_example_0209,0.0,0.0,0.0,0.0,1.0,0.0,0.0,1,35,[35],0.932,concave,it2,avg
Class2,P1,Class2_it2_example_0210,0.0,0.0,0.0,0.0,1.0,0.0,0.0,1,35,[35],0.932,concave,it2,avg
Class2,P1,Class2_it2_example_0211,0.0,0.0,0.0,0.0,1.0,0.0,0.0,1,32,[32],0.932,concave,it2,avg
Class2,P1,Class2_it2_example_0212,3.0,0.001762330600309725,3.0000005575238156,1.000000453232871,1.0,1.0,0.0,2,30,"[31, 35]",0.932,concave,it2,avg
Class2,P1,Class2_it2_example_0213,3.0,0.0013644874335418944,3.00000031030431,3.00000031030431,1.0,0.0,0.0,1,28,[31],0.932,concave,it2,avg
Class2,P1,Class2_it2_example_0214,0.0,0.0,0.0,0.0,1.0,0.0,0.0,1,26,[26],0.932,concave,it2,avg
Class2,P1,Class2_it2_example_0215,0.0,0.0,0.0,0.0,1.0,0.0,0.0,1,28,[28],0.932,concave,it2,avg
Class2,P1,Class2_it2_example_0216,1.0,0.000540660325460407,1.0000001461567831,1.0000001461567831,1.0,0.0,0.0,1,29,[30],0.932,concave,it2,avg
Class2,P1,Class2_it2_example_0217,2.0,0.006127454617661732,2.0000093864029966,0.0,1.0,1.0,0.0,2,31,"[27, 31]",0.932,concave,it2,avg
Class2,P1,Class2_it2_example_0218,7.5,0.01897607591044148,7.500024006058712,0.0,1.0,1.0,0.0,2,23,"[23, 38]",0.932,concave,it2,avg
Class2,P1,Class2_it2_example_0219,8.5,0.0058541737965712715,8.500004501221875,1.0000070219903467,1.0,1.0,0.0,2,61,"[62, 77]",0.932,concave,it2,avg
Class2,P1,Class2_it2_example_0220,7.0,0.006358176929150583,7.000002887600394,0.0,1.0,1.0,0.0,2,67,"[67, 81]",0.932,concave,it2,avg
Class2,P1,Class2_it2_example_0221,0.0,0.0,0.0,0.0,1.0,0.0,0.0,1,24,[24],0.932,concave,it2,avg
Class2,P1,Class2_it2_example_0222,0.0,0.0,0.0,0.0,1.0,0.0,0.0,1,24,[24],0.932,concave,it2,avg
Class2,P1,Class2_it2_example_0223,1.0,0.0006700802199007816,1.0000002245037254,1.0000002245037254,1.0,0.0,0.0,1,25,[26],0.932,concave,it2,avg
Class2,P1,Class2_it2_example_0224,2.0,0.004160741080338037,2.0000043279369017,2.0000043279369017,1.0,0.0,0.0,1,25,[27],0.932,concave,it2,avg
Class2,P1,Class2_it2_example_0225,4.0,0.005871275317641311,4.000004308981911,0.0,1.0,1.0,0.0,2,30,"[30, 38]",0.932,concave,it2,avg
Class2,P1,Class2_it2_example_0226,,,,,,,1.0,0,20,[],0.932,concave,it2,avg
Class2,P1,Class2_it2_example_0227,0.0,0.0,0.0,0.0,1.0,0.0,0.0,1,40,[40],0.932,concave,it2,avg
Class2,P1,Class2_it2_example_0228,0.0,0.0,0.0,0.0,1.0,0.0,0.0,1,37,[37],0.932,concave,it2,avg
Class2,P1,Class2_it2_example_0229,0.0,0.0,0.0,0.0,1.0,0.0,0.0,1,33,[33],0.932,concave,it2,avg
Class2,P1,Class2_it2_example_0230,1.0,0.0007299367382542776,1.0000002664037855,1.0000002664037855,1.0,0.0,0.0,1,26,[27],0.932,concave,it2,avg
Class2,P1,Class2_it2_example_0231,1.0,0.0016228128521744711,1.0000013167599098,1.0000013167599098,1.0,0.0,0.0,1,27,[28],0.932,concave,it2,avg
Class2,P1,Class2_it2_example_0232,0.0,0.0,0.0,0.0,1.0,0.0,0.0,1,30,[30],0.932,concave,it2,avg
Class2,P1,Class2_it2_example_0233,1.0,0.0007392345132286593,1.0000002732337954,1.0000002732337954,1.0,0.0,0.0,1,35,[36],0.932,concave,it2,avg
Class2,P1,Class2_it2_example_0234,1.0,0.00087727889213296,1.0000003848090533,1.0000003848090533,1.0,0.0,0.0,1,30,[31],0.932,concave,it2,avg
Class2,P1,Class2_it2_example_0235,0.0,0.0,0.0,0.0,1.0,0.0,0.0,1,27,[27],0.932,concave,it2,avg
Class2,P1,Class2_it2_example_0236,0.0,0.0,0.0,0.0,1.0,0.0,0.0,1,26,[26],0.932,concave,it2,avg
Class2,P1,Class2_it2_example_0237,,,,,,,1.0,0,36,[],0.932,concave,it2,avg
Class2,P1,Class2_it2_example_0238,18.0,0.05963467582658555,18.000098785688955,18.000098785688955,0.0,1.0,1.0,1,37,[55],0.932,concave,it2,avg
Class2,P1,Class2_it2_example_0239,0.0,0.0,0.0,0.0,1.0,0.0,0.0,1,42,[42],0.932,concave,it2,avg
Class2,P1,Class2_it2_example_0240,,,,,,,1.0,0,33,[],0.932,concave,it2,avg
Class2,P1,Class2_it2_example_0241,1.0,0.0005370459801138372,1.000000144209182,1.000000144209182,1.0,0.0,0.0,1,34,[35],0.932,concave,it2,avg
Class2,P1,Class2_it2_example_0242,1.0,0.004529539290198725,1.0000102583104742,1.0000102583104742,1.0,0.0,0.0,1,31,[32],0.932,concave,it2,avg
Class2,P1,Class2_it2_example_0243,0.0,0.0,0.0,0.0,1.0,0.0,0.0,1,40,[40],0.932,concave,it2,avg
Class2,P1,Class2_it2_example_0244,0.0,0.0,0.0,0.0,1.0,0.0,0.0,1,25,[25],0.932,concave,it2,avg
Class2,P1,Class2_it2_example_0245,1.0,0.0009985250689967806,1.0000004985260325,1.0000004985260325,1.0,0.0,0.0,1,28,[29],0.932,concave,it2,avg
Class2,P1,Class2_it2_example_0246,0.0,0.0,0.0,0.0,1.0,0.0,0.0,1,36,[36],0.932,concave,it2,avg
Class2,P1,Class2_it2_example_0247,3.0,0.001661522068313659,3.0000010564384816,1.0000019281014771,1.0,1.0,0.0,2,28,"[29, 33]",0.932,concave,it2,avg
Class2,P1,Class2_it2_example_0248,1.0,0.0004914278116827653,1.0000001207506397,1.0000001207506397,1.0,0.0,0.0,1,34,[35],0.932,concave,it2,avg
Class2,P1,Class2_it2_example_0249,17.0,0.10558363278359661,17.0003278763532,17.0003278763532,0.0,1.0,1.0,1,25,[42],0.932,concave,it2,avg
Class2,P1,Class2_it2_example_0250,17.0,0.06518427112273117,17.000124969811306,17.000124969811306,0.0,1.0,1.0,1,39,[56],0.932,concave,it2,avg
Class3,P1,Class3_it2_example_0001,,,,,,,1.0,0,31,[],0.388,concave,it2,avg
Class3,P1,Class3_it2_example_0002,3.0,0.005352807390444081,3.000004775420692,3.000004775420692,1.0,0.0,0.0,1,32,[35],0.388,concave,it2,avg
Class3,P1,Class3_it2_example_0003,,,,,,,1.0,0,32,[],0.388,concave,it2,avg
Class3,P1,Class3_it2_example_0004,1.0,0.0007797763297369142,1.0000003040255159,1.0000003040255159,1.0,0.0,0.0,1,29,[30],0.388,concave,it2,avg
Class3,P1,Class3_it2_example_0005,,,,,,,1.0,0,24,[],0.388,concave,it2,avg
Class3,P1,Class3_it2_example_0006,,,,,,,1.0,0,34,[],0.388,concave,it2,avg
Class3,P1,Class3_it2_example_0007,1.0,0.0013248626920192574,1.0000008776301912,1.0000008776301912,1.0,0.0,0.0,1,32,[33],0.388,concave,it2,avg
Class3,P1,Class3_it2_example_0008,1.0,0.0012227418418594427,1.0000007475485266,1.0000007475485266,1.0,0.0,0.0,1,31,[32],0.388,concave,it2,avg
Class3,P1,Class3_it2_example_0009,,,,,,,1.0,0,30,[],0.388,concave,it2,avg
Class3,P1,Class3_it2_example_0010,,,,,,,1.0,0,29,[],0.388,concave,it2,avg
Class3,P1,Class3_it2_example_0011,,,,,,,1.0,0,27,[],0.388,concave,it2,avg
Class3,P1,Class3_it2_example_0012,,,,,,,1.0,0,35,[],0.388,concave,it2,avg
Class3,P1,Class3_it2_example_0013,,,,,,,1.0,0,31,[],0.388,concave,it2,avg
Class3,P1,Class3_it2_example_0014,,,,,,,1.0,0,30,[],0.388,concave,it2,avg
Class3,P1,Class3_it2_example_0015,,,,,,,1.0,0,32,[],0.388,concave,it2,avg
Class3,P1,Class3_it2_example_0016,19.0,0.22925743700429546,19.001383080513424,19.001383080513424,0.0,1.0,1.0,1,23,[42],0.388,concave,it2,avg
Class3,P1,Class3_it2_example_0017,23.0,0.29711963144862596,23.00191905201373,23.00191905201373,0.0,1.0,1.0,1,24,[47],0.388,concave,it2,avg
Class3,P1,Class3_it2_example_0018,,,,,,,1.0,0,27,[],0.388,concave,it2,avg
Class3,P1,Class3_it2_example_0019,,,,,,,1.0,0,31,[],0.388,concave,it2,avg
Class3,P1,Class3_it2_example_0020,20.0,0.243253220740148,20.001479248530607,20.001479248530607,0.0,1.0,1.0,1,26,[46],0.388,concave,it2,avg
Class3,P1,Class3_it2_example_0021,22.0,0.23236350247158155,22.00122707480837,22.00122707480837,0.0,1.0,1.0,1,20,[42],0.388,concave,it2,avg
Class3,P1,Class3_it2_example_0022,22.0,0.261545873228175,22.001558384535596,21.001640490267544,0.0,2.0,1.0,2,24,"[45, 47]",0.388,concave,it2,avg
Class3,P1,Class3_it2_example_0023,,,,,,,1.0,0,30,[],0.388,concave,it2,avg
Class3,P1,Class3_it2_example_0024,1.0,0.006724139934453421,1.000022606773396,1.000022606773396,1.0,0.0,0.0,1,31,[32],0.388,concave,it2,avg
Class3,P1,Class3_it2_example_0025,1.0,0.0033280737495866575,1.0000055380221065,1.0000055380221065,1.0,0.0,0.0,1,29,[30],0.388,concave,it2,avg
Class3,P1,Class3_it2_example_0026,0.0,0.0,0.0,0.0,1.0,0.0,0.0,1,34,[34],0.388,concave,it2,avg
Class3,P1,Class3_it2_example_0027,,,,,,,1.0,0,26,[],0.388,concave,it2,avg
Class3,P1,Class3_it2_example_0028,,,,,,,1.0,0,30,[],0.388,concave,it2,avg
Class3,P1,Class3_it2_example_0029,,,,,,,1.0,0,28,[],0.388,concave,it2,avg
Class3,P1,Class3_it2_example_0030,,,,,,,1.0,0,26,[],0.388,concave,it2,avg
Class3,P1,Class3_it2_example_0031,,,,,,,1.0,0,27,[],0.388,concave,it2,avg
Class3,P1,Class3_it2_example_0032,1.0,0.0013147717082094834,1.000000864311949,1.000000864311949,1.0,0.0,0.0,1,32,[33],0.388,concave,it2,avg
Class3,P1,Class3_it2_example_0033,0.0,0.0,0.0,0.0,1.0,0.0,0.0,1,33,[33],0.388,concave,it2,avg
Class3,P1,Class3_it2_example_0034,2.0,0.0021131078287691674,2.0000011163058624,2.0000011163058624,1.0,0.0,0.0,1,39,[41],0.388,concave,it2,avg
Class3,P1,Class3_it2_example_0035,,,,,,,1.0,0,29,[],0.388,concave,it2,avg
Class3,P1,Class3_it2_example_0036,,,,,,,1.0,0,28,[],0.388,concave,it2,avg
Class3,P1,Class3_it2_example_0037,,,,,,,1.0,0,37,[],0.388,concave,it2,avg
Class3,P1,Class3_it2_example_0038,,,,,,,1.0,0,30,[],0.388,concave,it2,avg
Class3,P1,Class3_it2_example_0039,,,,,,,1.0,0,23,[],0.388,concave,it2,avg
Class3,P1,Class3_it2_example_0040,,,,,,,1.0,0,25,[],0.388,concave,it2,avg
Class3,P1,Class3_it2_example_0041,,,,,,,1.0,0,25,[],0.388,concave,it2,avg
Class3,P1,Class3_it2_example_0042,,,,,,,1.0,0,30,[],0.388,concave,it2,avg
Class3,P1,Class3_it2_example_0043,0.0,0.0,0.0,0.0,1.0,0.0,0.0,1,26,[26],0.388,concave,it2,avg
Class3,P1,Class3_it2_example_0044,,,,,,,1.0,0,23,[],0.388,concave,it2,avg
Class3,P1,Class3_it2_example_0045,,,,,,,1.0,0,28,[],0.388,concave,it2,avg
Class3,P1,Class3_it2_example_0046,,,,,,,1.0,0,27,[],0.388,concave,it2,avg
Class3,P1,Class3_it2_example_0047,,,,,,,1.0,0,27,[],0.388,concave,it2,avg
Class3,P1,Class3_it2_example_0048,,,,,,,1.0,0,28,[],0.388,concave,it2,avg
Class3,P1,Class3_it2_example_0049,,,,,,,1.0,0,23,[],0.388,concave,it2,avg
Class3,P1,Class3_it2_example_0050,1.0,0.0055240703612627895,1.0000152575602814,1.0000152575602814,1.0,0.0,0.0,1,28,[29],0.388,concave,it2,avg
Class3,P1,Class3_it2_example_0051,1.0,0.0006002644312944616,1.0000001801586775,1.0000001801586775,1.0,0.0,0.0,1,30,[31],0.388,concave,it2,avg
Class3,P1,Class3_it2_example_0052,1.0,0.002009988255449402,1.0000020200243533,1.0000020200243533,1.0,0.0,0.0,1,29,[30],0.388,concave,it2,avg
Class3,P1,Class3_it2_example_0053,22.0,0.23831244704305998,22.001290708102005,22.001290708102005,0.0,1.0,1.0,1,31,[53],0.388,concave,it2,avg
Class3,P1,Class3_it2_example_0054,,,,,,,1.0,0,27,[],0.388,concave,it2,avg
Class3,P1,Class3_it2_example_0055,,,,,,,1.0,0,33,[],0.388,concave,it2,avg
Class3,P1,Class3_it2_example_0056,,,,,,,1.0,0,34,[],0.388,concave,it2,avg
Class3,P1,Class3_it2_example_0057,,,,,,,1.0,0,33,[],0.388,concave,it2,avg
Class3,P1,Class3_it2_example_0058,,,,,,,1.0,0,31,[],0.388,concave,it2,avg
Class3,P1,Class3_it2_example_0059,,,,,,,1.0,0,34,[],0.388,concave,it2,avg
Class3,P1,Class3_it2_example_0060,,,,,,,1.0,0,36,[],0.388,concave,it2,avg
Class3,P1,Class3_it2_example_0061,,,,,,,1.0,0,29,[],0.388,concave,it2,avg
Class3,P1,Class3_it2_example_0062,,,,,,,1.0,0,26,[],0.388,concave,it2,avg
Class3,P1,Class3_it2_example_0063,,,,,,,1.0,0,24,[],0.388,concave,it2,avg
Class3,P1,Class3_it2_example_0064,,,,,,,1.0,0,25,[],0.388,concave,it2,avg
Class3,P1,Class3_it2_example_0065,6.0,0.024460458239828342,6.000049859294279,6.000049859294279,0.0,1.0,1.0,1,28,[34],0.388,concave,it2,avg
Class3,P1,Class3_it2_example_0066,,,,,,,1.0,0,28,[],0.388,concave,it2,avg
Class3,P1,Class3_it2_example_0067,3.0,0.0023453690731533583,3.0000035961330296,1.0000071075448893,1.0,1.0,0.0,2,27,"[28, 32]",0.388,concave,it2,avg
Class3,P1,Class3_it2_example_0068,,,,,,,1.0,0,27,[],0.388,concave,it2,avg
Class3,P1,Class3_it2_example_0069,1.0,0.0006764579368911949,1.000000228797644,1.000000228797644,1.0,0.0,0.0,1,32,[33],0.388,concave,it2,avg
Class3,P1,Class3_it2_example_0070,,,,,,,1.0,0,29,[],0.388,concave,it2,avg
Class3,P1,Class3_it2_example_0071,1.0,0.0020245108375014365,1.0000020493199657,1.0000020493199657,1.0,0.0,0.0,1,31,[32],0.388,concave,it2,avg
Class3,P1,Class3_it2_example_0072,,,,,,,1.0,0,27,[],0.388,concave,it2,avg
Class3,P1,Class3_it2_example_0073,,,,,,,1.0,0,24,[],0.388,concave,it2,avg
Class3,P1,Class3_it2_example_0074,,,,,,,1.0,0,26,[],0.388,concave,it2,avg
Class3,P1,Class3_it2_example_0075,,,,,,,1.0,0,26,[],0.388,concave,it2,avg
Class3,P1,Class3_it2_example_0076,2.0,0.013589405274652688,2.0000461674510714,2.0000461674510714,1.0,0.0,0.0,1,28,[30],0.388,concave,it2,avg
Class3,P1,Class3_it2_example_0077,,,,,,,1.0,0,27,[],0.388,concave,it2,avg
Class3,P1,Class3_it2_example_0078,7.0,0.0597335399372263,7.000254859345725,7.000254859345725,0.0,1.0,1.0,1,22,[29],0.388,concave,it2,avg
Class3,P1,Class3_it2_example_0079,1.0,0.002940359596025899,1.0000043228479334,1.0000043228479334,1.0,0.0,0.0,1,30,[31],0.388,concave,it2,avg
Class3,P1,Class3_it2_example_0080,,,,,,,1.0,0,28,[],0.388,concave,it2,avg
Class3,P1,Class3_it2_example_0081,,,,,,,1.0,0,35,[],0.388,concave,it2,avg
Class3,P1,Class3_it2_example_0082,,,,,,,1.0,0,32,[],0.388,concave,it2,avg
Class3,P1,Class3_it2_example_0083,,,,,,,1.0,0,34,[],0.388,concave,it2,avg
Class3,P1,Class3_it2_example_0084,,,,,,,1.0,0,31,[],0.388,concave,it2,avg
Class3,P1,Class3_it2_example_0085,1.0,0.0016843937009692889,1.0000014185900636,1.0000014185900636,1.0,0.0,0.0,1,26,[27],0.388,concave,it2,avg
Class3,P1,Class3_it2_example_0086,3.0,0.009317991359690025,3.0000144707922627,3.0000144707922627,1.0,0.0,0.0,1,25,[28],0.388,concave,it2,avg
Class3,P1,Class3_it2_example_0087,1.0,0.000961909669845773,1.0000004626349994,1.0000004626349994,1.0,0.0,0.0,1,36,[37],0.388,concave,it2,avg
Class3,P1,Class3_it2_example_0088,0.0,0.0,0.0,0.0,1.0,0.0,0.0,1,29,[29],0.388,concave,it2,avg
Class3,P1,Class3_it2_example_0089,0.0,0.0,0.0,0.0,1.0,0.0,0.0,1,32,[32],0.388,concave,it2,avg
Class3,P1,Class3_it2_example_0090,2.0,0.0031284988787450008,2.000002446874812,2.000002446874812,1.0,0.0,0.0,1,29,[31],0.388,concave,it2,avg
Class3,P1,Class3_it2_example_0091,0.0,0.0,0.0,0.0,1.0,0.0,0.0,1,28,[28],0.388,concave,it2,avg
Class3,P1,Class3_it2_example_0092,1.0,0.0015231421198348416,1.0000011599802858,1.0000011599802858,1.0,0.0,0.0,1,29,[30],0.388,concave,it2,avg
Class3,P1,Class3_it2_example_0093,1.0,0.0016669856980838782,1.0000013894196935,1.0000013894196935,1.0,0.0,0.0,1,32,[33],0.388,concave,it2,avg
Class3,P1,Class3_it2_example_0094,1.0,0.0010872587602573924,1.000000591065631,1.000000591065631,1.0,0.0,0.0,1,26,[27],0.388,concave,it2,avg
Class3,P1,Class3_it2_example_0095,,,,,,,1.0,0,31,[],0.388,concave,it2,avg
Class3,P1,Class3_it2_example_0096,,,,,,,1.0,0,33,[],0.388,concave,it2,avg
Class3,P1,Class3_it2_example_0097,0.0,0.0,0.0,0.0,1.0,0.0,0.0,1,30,[30],0.388,concave,it2,avg
Class3,P1,Class3_it2_example_0098,,,,,,,1.0,0,27,[],0.388,concave,it2,avg
Class3,P1,Class3_it2_example_0099,1.0,0.005525898454471823,1.0000152676603138,1.0000152676603138,1.0,0.0,0.0,1,24,[25],0.388,concave,it2,avg
Class3,P1,Class3_it2_example_0100,,,,,,,1.0,0,25,[],0.388,concave,it2,avg
Class3,P1,Class3_it2_example_0101,1.0,0.0013514455839573891,1.0000009132021663,1.0000009132021663,1.0,0.0,0.0,1,32,[33],0.388,concave,it2,avg
Class3,P1,Class3_it2_example_0102,,,,,,,1.0,0,26,[],0.388,concave,it2,avg
Class3,P1,Class3_it2_example_0103,,,,,,,1.0,0,26,[],0.388,concave,it2,avg
Class3,P1,Class3_it2_example_0104,,,,,,,1.0,0,22,[],0.388,concave,it2,avg
Class3,P1,Class3_it2_example_0105,,,,,,,1.0,0,23,[],0.388,concave,it2,avg
Class3,P1,Class3_it2_example_0106,,,,,,,1.0,0,22,[],0.388,concave,it2,avg
Class3,P1,Class3_it2_example_0107,,,,,,,1.0,0,29,[],0.388,concave,it2,avg
Class3,P1,Class3_it2_example_0108,,,,,,,1.0,0,32,[],0.388,concave,it2,avg
Class3,P1,Class3_it2_example_0109,0.0,0.0,0.0,0.0,1.0,0.0,0.0,1,29,[29],0.388,concave,it2,avg
Class3,P1,Class3_it2_example_0110,1.0,0.0013588029544727709,1.0000009231723084,1.0000009231723084,1.0,0.0,0.0,1,29,[30],0.388,concave,it2,avg
Class3,P1,Class3_it2_example_0111,1.0,0.0005363639418104471,1.0000001438431287,1.0000001438431287,1.0,0.0,0.0,1,33,[34],0.388,concave,it2,avg
Class3,P1,Class3_it2_example_0112,1.0,0.0008333349068996854,1.0000003472234733,1.0000003472234733,1.0,0.0,0.0,1,30,[31],0.388,concave,it2,avg
Class3,P1,Class3_it2_example_0113,1.0,0.0009968536881628243,1.0000004968585143,1.0000004968585143,1.0,0.0,0.0,1,28,[29],0.388,concave,it2,avg
Class3,P1,Class3_it2_example_0114,,,,,,,1.0,0,31,[],0.388,concave,it2,avg
Class3,P1,Class3_it2_example_0115,,,,,,,1.0,0,31,[],0.388,concave,it2,avg
Class3,P1,Class3_it2_example_0116,,,,,,,1.0,0,27,[],0.388,concave,it2,avg
Class3,P1,Class3_it2_example_0117,,,,,,,1.0,0,24,[],0.388,concave,it2,avg
Class3,P1,Class3_it2_example_0118,,,,,,,1.0,0,24,[],0.388,concave,it2,avg
Class3,P1,Class3_it2_example_0119,,,,,,,1.0,0,22,[],0.388,concave,it2,avg
Class3,P1,Class3_it2_example_0120,,,,,,,1.0,0,24,[],0.388,concave,it2,avg
Class3,P1,Class3_it2_example_0121,,,,,,,1.0,0,48,[],0.388,concave,it2,avg
Class3,P1,Class3_it2_example_0122,2.0,0.0016212432031751378,2.000000657107273,2.000000657107273,1.0,0.0,0.0,1,34,[36],0.388,concave,it2,avg
Class3,P1,Class3_it2_example_0123,,,,,,,1.0,0,33,[],0.388,concave,it2,avg
Class3,P1,Class3_it2_example_0124,1.0,0.0007330576326634031,1.0000002686867102,1.0000002686867102,1.0,0.0,0.0,1,36,[37],0.388,concave,it2,avg
Class3,P1,Class3_it2_example_0125,1.0,0.002103952683807142,1.0000022133059985,1.0000022133059985,1.0,0.0,0.0,1,32,[33],0.388,concave,it2,avg
Class3,P1,Class3_it2_example_0126,1.0,0.002996753592008128,1.0000044902559644,1.0000044902559644,1.0,0.0,0.0,1,36,[37],0.388,concave,it2,avg
Class3,P1,Class3_it2_example_0127,0.0,0.0,0.0,0.0,1.0,0.0,0.0,1,34,[34],0.388,concave,it2,avg
Class3,P1,Class3_it2_example_0128,25.0,0.33934555495431706,25.002303002036978,25.002303002036978,0.0,1.0,1.0,1,24,[49],0.388,concave,it2,avg
Class3,P1,Class3_it2_example_0129,,,,,,,1.0,0,22,[],0.388,concave,it2,avg
Class3,P1,Class3_it2_example_0130,,,,,,,1.0,0,30,[],0.388,concave,it2,avg
Class3,P1,Class3_it2_example_0131,3.5,0.005235731042504299,3.500005946099075,1.0000085453517682,1.0,1.0,0.0,2,29,"[30, 35]",0.388,concave,it2,avg
Class3,P1,Class3_it2_example_0132,,,,,,,1.0,0,25,[],0.388,concave,it2,avg
Class3,P1,Class3_it2_example_0133,,,,,,,1.0,0,26,[],0.388,concave,it2,avg
Class3,P1,Class3_it2_example_0134,1.0,0.0018226207273217554,1.0000016609717783,1.0000016609717783,1.0,0.0,0.0,1,32,[33],0.388,concave,it2,avg
Class3,P1,Class3_it2_example_0135,,,,,,,1.0,0,24,[],0.388,concave,it2,avg
Class3,P1,Class3_it2_example_0136,,,,,,,1.0,0,27,[],0.388,concave,it2,avg
Class3,P1,Class3_it2_example_0137,,,,,,,1.0,0,29,[],0.388,concave,it2,avg
Class3,P1,Class3_it2_example_0138,,,,,,,1.0,0,25,[],0.388,concave,it2,avg
Class3,P1,Class3_it2_example_0139,,,,,,,1.0,0,25,[],0.388,concave,it2,avg
Class3,P1,Class3_it2_example_0140,27.0,0.34812099344429037,27.002244133147094,27.002244133147094,0.0,1.0,1.0,1,23,[50],0.388,concave,it2,avg
Class3,P1,Class3_it2_example_0141,33.0,0.43308223607308627,33.00284169921133,33.00284169921133,0.0,1.0,1.0,1,22,[55],0.388,concave,it2,avg
Class3,P1,Class3_it2_example_0142,,,,,,,1.0,0,19,[],0.388,concave,it2,avg
Class3,P1,Class3_it2_example_0143,27.0,0.45532825759909534,27.00383905710757,27.00383905710757,0.0,1.0,1.0,1,17,[44],0.388,concave,it2,avg
Class3,P1,Class3_it2_example_0144,,,,,,,1.0,0,21,[],0.388,concave,it2,avg
Class3,P1,Class3_it2_example_0145,0.0,0.0,0.0,0.0,1.0,0.0,0.0,1,27,[27],0.388,concave,it2,avg
Class3,P1,Class3_it2_example_0146,,,,,,,1.0,0,28,[],0.388,concave,it2,avg
Class3,P1,Class3_it2_example_0147,,,,,,,1.0,0,26,[],0.388,concave,it2,avg
Class3,P1,Class3_it2_example_0148,,,,,,,1.0,0,27,[],0.388,concave,it2,avg
Class3,P1,Class3_it2_example_0149,0.0,0.0,0.0,0.0,1.0,0.0,0.0,1,36,[36],0.388,concave,it2,avg
Class3,P1,Class3_it2_example_0150,0.0,0.0,0.0,0.0,1.0,0.0,0.0,1,36,[36],0.388,concave,it2,avg
Class3,P1,Class3_it2_example_0151,6.0,0.006920488168348005,6.0000039910950465,6.0000039910950465,0.0,1.0,1.0,1,34,[40],0.388,concave,it2,avg
Class3,P1,Class3_it2_example_0152,2.0,0.0053910767956004135,2.000007874621463,1.0000081886199017,1.0,0.0,0.0,2,27,"[28, 30]",0.388,concave,it2,avg
Class3,P1,Class3_it2_example_0153,,,,,,,1.0,0,33,[],0.388,concave,it2,avg
Class3,P1,Class3_it2_example_0154,,,,,,,1.0,0,34,[],0.388,concave,it2,avg
Class3,P1,Class3_it2_example_0155,,,,,,,1.0,0,36,[],0.388,concave,it2,avg
Class3,P1,Class3_it2_example_0156,,,,,,,1.0,0,34,[],0.388,concave,it2,avg
Class3,P1,Class3_it2_example_0157,,,,,,,1.0,0,34,[],0.388,concave,it2,avg
Class3,P1,Class3_it2_example_0158,0.0,0.0,0.0,0.0,1.0,0.0,0.0,1,37,[37],0.388,concave,it2,avg
Class3,P1,Class3_it2_example_0159,,,,,,,1.0,0,33,[],0.388,concave,it2,avg
Class3,P1,Class3_it2_example_0160,,,,,,,1.0,0,28,[],0.388,concave,it2,avg
Class3,P1,Class3_it2_example_0161,0.0,0.0,0.0,0.0,1.0,0.0,0.0,1,39,[39],0.388,concave,it2,avg
Class3,P1,Class3_it2_example_0162,1.0,0.00016132610830355,1.0000000130130566,1.0000000130130566,1.0,0.0,0.0,1,29,[30],0.388,concave,it2,avg
Class3,P1,Class3_it2_example_0163,,,,,,,1.0,0,30,[],0.388,concave,it2,avg
Class3,P1,Class3_it2_example_0164,1.0,0.0021445878699055676,1.0000022996259217,1.0000022996259217,1.0,0.0,0.0,1,29,[30],0.388,concave,it2,avg
Class3,P1,Class3_it2_example_0165,1.0,0.00013583525968119403,1.0000000092256087,1.0000000092256087,1.0,0.0,0.0,1,33,[34],0.388,concave,it2,avg
Class3,P1,Class3_it2_example_0166,,,,,,,1.0,0,25,[],0.388,concave,it2,avg
Class3,P1,Class3_it2_example_0167,27.0,0.36936444625967824,27.002526365030377,27.002526365030377,0.0,1.0,1.0,1,21,[48],0.388,concave,it2,avg
Class3,P1,Class3_it2_example_0168,,,,,,,1.0,0,26,[],0.388,concave,it2,avg
Class3,P1,Class3_it2_example_0169,0.0,0.0,0.0,0.0,1.0,0.0,0.0,1,30,[30],0.388,concave,it2,avg
Class3,P1,Class3_it2_example_0170,1.0,0.0017641384820433759,1.000001556091081,1.000001556091081,1.0,0.0,0.0,1,33,[34],0.388,concave,it2,avg
Class3,P1,Class3_it2_example_0171,1.0,0.0007045972648329069,1.000000248228622,1.000000248228622,1.0,0.0,0.0,1,28,[29],0.388,concave,it2,avg
Class3,P1,Class3_it2_example_0172,0.0,0.0,0.0,0.0,1.0,0.0,0.0,1,44,[44],0.388,concave,it2,avg
Class3,P1,Class3_it2_example_0173,1.0,0.0006335781436417331,1.000000200710612,1.000000200710612,1.0,0.0,0.0,1,43,[44],0.388,concave,it2,avg
Class3,P1,Class3_it2_example_0174,1.0,0.0002592428911992739,1.0000000336034378,1.0000000336034378,1.0,0.0,0.0,1,40,[41],0.388,concave,it2,avg
Class3,P1,Class3_it2_example_0175,,,,,,,1.0,0,33,[],0.388,concave,it2,avg
Class3,P1,Class3_it2_example_0176,0.0,0.0,0.0,0.0,1.0,0.0,0.0,1,32,[32],0.388,concave,it2,avg
Class3,P1,Class3_it2_example_0177,0.0,0.0,0.0,0.0,1.0,0.0,0.0,1,35,[35],0.388,concave,it2,avg
Class3,P1,Class3_it2_example_0178,3.0,0.0037691880247600618,3.000005603906846,1.0000103092505759,1.0,1.0,0.0,2,30,"[31, 35]",0.388,concave,it2,avg
Class3,P1,Class3_it2_example_0179,,,,,,,1.0,0,31,[],0.388,concave,it2,avg
Class3,P1,Class3_it2_example_0180,1.0,0.00024415982987180396,1.0000000298070109,1.0000000298070109,1.0,0.0,0.0,1,27,[28],0.388,concave,it2,avg
Class3,P1,Class3_it2_example_0181,,,,,,,1.0,0,23,[],0.388,concave,it2,avg
Class3,P1,Class3_it2_example_0182,,,,,,,1.0,0,27,[],0.388,concave,it2,avg
Class3,P1,Class3_it2_example_0183,,,,,,,1.0,0,26,[],0.388,concave,it2,avg
Class3,P1,Class3_it2_example_0184,,,,,,,1.0,0,25,[],0.388,concave,it2,avg
Class3,P1,Class3_it2_example_0185,,,,,,,1.0,0,30,[],0.388,concave,it2,avg
Class3,P1,Class3_it2_example_0186,,,,,,,1.0,0,29,[],0.388,concave,it2,avg
Class3,P1,Class3_it2_example_0187,,,,,,,1.0,0,27,[],0.388,concave,it2,avg
Class3,P1,Class3_it2_example_0188,3.0,0.00605252748788887,3.000006105508619,3.000006105508619,1.0,0.0,0.0,1,28,[31],0.388,concave,it2,avg
Class3,P1,Class3_it2_example_0189,,,,,,,1.0,0,27,[],0.388,concave,it2,avg
Class3,P1,Class3_it2_example_0190,,,,,,,1.0,0,29,[],0.388,concave,it2,avg
Class3,P1,Class3_it2_example_0191,1.0,0.0013632148434166158,1.000000929176923,1.000000929176923,1.0,0.0,0.0,1,22,[23],0.388,concave,it2,avg
Class3,P1,Class3_it2_example_0192,1.0,0.0013184803536140377,1.0000008691948437,1.0000008691948437,1.0,0.0,0.0,1,21,[22],0.388,concave,it2,avg
Class3,P1,Class3_it2_example_0193,,,,,,,1.0,0,22,[],0.388,concave,it2,avg
Class3,P1,Class3_it2_example_0194,0.0,0.0,0.0,0.0,1.0,0.0,0.0,1,25,[25],0.388,concave,it2,avg
Class3,P1,Class3_it2_example_0195,25.0,0.3444707715944606,25.00237308961857,25.00237308961857,0.0,1.0,1.0,1,26,[51],0.388,concave,it2,avg
Class3,P1,Class3_it2_example_0196,,,,,,,1.0,0,29,[],0.388,concave,it2,avg
Class3,P1,Class3_it2_example_0197,,,,,,,1.0,0,29,[],0.388,concave,it2,avg
Class3,P1,Class3_it2_example_0198,,,,,,,1.0,0,27,[],0.388,concave,it2,avg
Class3,P1,Class3_it2_example_0199,,,,,,,1.0,0,26,[],0.388,concave,it2,avg
Class3,P1,Class3_it2_example_0200,,,,,,,1.0,0,28,[],0.388,concave,it2,avg
Class3,P1,Class3_it2_example_0201,0.0,0.0,0.0,0.0,1.0,0.0,0.0,1,23,[23],0.388,concave,it2,avg
Class3,P1,Class3_it2_example_0202,1.0,0.00040773699250828965,1.000000083124724,1.000000083124724,1.0,0.0,0.0,1,30,[31],0.388,concave,it2,avg
Class3,P1,Class3_it2_example_0203,2.0,0.005185387961790133,2.0000067220507822,2.0000067220507822,1.0,0.0,0.0,1,31,[33],0.388,concave,it2,avg
Class3,P1,Class3_it2_example_0204,,,,,,,1.0,0,21,[],0.388,concave,it2,avg
Class3,P1,Class3_it2_example_0205,5.0,0.011289265999914755,5.000012744736439,5.000012744736439,0.0,1.0,1.0,1,32,[37],0.388,concave,it2,avg
Class3,P1,Class3_it2_example_0206,,,,,,,1.0,0,25,[],0.388,concave,it2,avg
Class3,P1,Class3_it2_example_0207,2.0,0.004366741857624867,2.0000047671029315,2.0000047671029315,1.0,0.0,0.0,1,26,[28],0.388,concave,it2,avg
Class3,P1,Class3_it2_example_0208,3.0,0.0028029764618225927,3.0000013094458886,3.0000013094458886,1.0,0.0,0.0,1,27,[30],0.388,concave,it2,avg
Class3,P1,Class3_it2_example_0209,1.0,0.0006099218596260503,1.0000001860023202,1.0000001860023202,1.0,0.0,0.0,1,26,[27],0.388,concave,it2,avg
Class3,P1,Class3_it2_example_0210,,,,,,,1.0,0,25,[],0.388,concave,it2,avg
Class3,P1,Class3_it2_example_0211,0.0,0.0,0.0,0.0,1.0,0.0,0.0,1,28,[28],0.388,concave,it2,avg
Class3,P1,Class3_it2_example_0212,1.0,0.0039057735665125604,1.000007627504487,1.000007627504487,1.0,0.0,0.0,1,29,[30],0.388,concave,it2,avg
Class3,P1,Class3_it2_example_0213,0.0,0.0,0.0,0.0,1.0,0.0,0.0,1,27,[27],0.388,concave,it2,avg
Class3,P1,Class3_it2_example_0214,,,,,,,1.0,0,30,[],0.388,concave,it2,avg
Class3,P1,Class3_it2_example_0215,,,,,,,1.0,0,27,[],0.388,concave,it2,avg
Class3,P1,Class3_it2_example_0216,,,,,,,1.0,0,30,[],0.388,concave,it2,avg
Class3,P1,Class3_it2_example_0217,,,,,,,1.0,0,31,[],0.388,concave,it2,avg
Class3,P1,Class3_it2_example_0218,,,,,,,1.0,0,23,[],0.388,concave,it2,avg
Class3,P1,Class3_it2_example_0219,,,,,,,1.0,0,21,[],0.388,concave,it2,avg
Class3,P1,Class3_it2_example_0220,,,,,,,1.0,0,23,[],0.388,concave,it2,avg
Class3,P1,Class3_it2_example_0221,,,,,,,1.0,0,26,[],0.388,concave,it2,avg
Class3,P1,Class3_it2_example_0222,,,,,,,1.0,0,33,[],0.388,concave,it2,avg
Class3,P1,Class3_it2_example_0223,,,,,,,1.0,0,23,[],0.388,concave,it2,avg
Class3,P1,Class3_it2_example_0224,,,,,,,1.0,0,21,[],0.388,concave,it2,avg
Class3,P1,Class3_it2_example_0225,,,,,,,1.0,0,26,[],0.388,concave,it2,avg
Class3,P1,Class3_it2_example_0226,,,,,,,1.0,0,24,[],0.388,concave,it2,avg
Class3,P1,Class3_it2_example_0227,,,,,,,1.0,0,27,[],0.388,concave,it2,avg
Class3,P1,Class3_it2_example_0228,,,,,,,1.0,0,26,[],0.388,concave,it2,avg
Class3,P1,Class3_it2_example_0229,,,,,,,1.0,0,25,[],0.388,concave,it2,avg
Class3,P1,Class3_it2_example_0230,,,,,,,1.0,0,32,[],0.388,concave,it2,avg
Class3,P1,Class3_it2_example_0231,,,,,,,1.0,0,28,[],0.388,concave,it2,avg
Class3,P1,Class3_it2_example_0232,,,,,,,1.0,0,28,[],0.388,concave,it2,avg
Class3,P1,Class3_it2_example_0233,1.0,0.0005161084564812013,1.0000001331839605,1.0000001331839605,1.0,0.0,0.0,1,24,[25],0.388,concave,it2,avg
Class3,P1,Class3_it2_example_0234,,,,,,,1.0,0,26,[],0.388,concave,it2,avg
Class3,P1,Class3_it2_example_0235,,,,,,,1.0,0,21,[],0.388,concave,it2,avg
Class3,P1,Class3_it2_example_0236,,,,,,,1.0,0,26,[],0.388,concave,it2,avg
Class3,P1,Class3_it2_example_0237,,,,,,,1.0,0,26,[],0.388,concave,it2,avg
Class3,P1,Class3_it2_example_0238,,,,,,,1.0,0,23,[],0.388,concave,it2,avg
Class3,P1,Class3_it2_example_0239,,,,,,,1.0,0,27,[],0.388,concave,it2,avg
Class3,P1,Class3_it2_example_0240,,,,,,,1.0,0,28,[],0.388,concave,it2,avg
Class3,P1,Class3_it2_example_0241,,,,,,,1.0,0,21,[],0.388,concave,it2,avg
Class3,P1,Class3_it2_example_0242,,,,,,,1.0,0,31,[],0.388,concave,it2,avg
Class3,P1,Class3_it2_example_0243,0.0,0.0,0.0,0.0,1.0,0.0,0.0,1,30,[30],0.388,concave,it2,avg
Class3,P1,Class3_it2_example_0244,,,,,,,1.0,0,33,[],0.388,concave,it2,avg
Class3,P1,Class3_it2_example_0245,3.0,0.004329533668367858,3.000003124142004,3.000003124142004,1.0,0.0,0.0,1,39,[42],0.388,concave,it2,avg
Class3,P1,Class3_it2_example_0246,,,,,,,1.0,0,32,[],0.388,concave,it2,avg
Class3,P1,Class3_it2_example_0247,21.0,0.221803405827398,21.001171318544035,21.001171318544035,0.0,1.0,1.0,1,28,[49],0.388,concave,it2,avg
Class3,P1,Class3_it2_example_0248,,,,,,,1.0,0,27,[],0.388,concave,it2,avg
Class3,P1,Class3_it2_example_0249,,,,,,,1.0,0,29,[],0.388,concave,it2,avg
Class3,P1,Class3_it2_example_0250,20.0,0.20184816308597864,20.00101854108788,20.00101854108788,0.0,1.0,1.0,1,22,[42],0.388,concave,it2,avg
Class4,P1,Class4_it2_example_0001,,,,,,,1.0,0,,[],0.32,concave,it2,avg
Class4,P1,Class4_it2_example_0002,,,,,,,,1,,[63],0.32,concave,it2,avg
Class4,P1,Class4_it2_example_0003,,,,,,,1.0,0,,[],0.32,concave,it2,avg
Class4,P1,Class4_it2_example_0004,,,,,,,,1,,[76],0.32,concave,it2,avg
Class4,P1,Class4_it2_example_0005,,,,,,,1.0,0,,[],0.32,concave,it2,avg
Class4,P1,Class4_it2_example_0006,,,,,,,1.0,0,,[],0.32,concave,it2,avg
Class4,P1,Class4_it2_example_0007,,,,,,,,1,,[59],0.32,concave,it2,avg
Class4,P1,Class4_it2_example_0008,,,,,,,1.0,0,,[],0.32,concave,it2,avg
Class4,P1,Class4_it2_example_0009,,,,,,,,3,,"[51, 59, 63]",0.32,concave,it2,avg
Class4,P1,Class4_it2_example_0010,,,,,,,,1,,[63],0.32,concave,it2,avg
Class4,P1,Class4_it2_example_0011,,,,,,,,1,,[55],0.32,concave,it2,avg
Class4,P1,Class4_it2_example_0012,,,,,,,,1,,[46],0.32,concave,it2,avg
Class4,P1,Class4_it2_example_0013,,,,,,,1.0,0,,[],0.32,concave,it2,avg
Class4,P1,Class4_it2_example_0014,,,,,,,,1,,[45],0.32,concave,it2,avg
Class4,P1,Class4_it2_example_0015,,,,,,,,1,,[44],0.32,concave,it2,avg
Class4,P1,Class4_it2_example_0016,,,,,,,,1,,[48],0.32,concave,it2,avg
Class4,P1,Class4_it2_example_0017,,,,,,,1.0,0,,[],0.32,concave,it2,avg
Class4,P1,Class4_it2_example_0018,,,,,,,1.0,0,,[],0.32,concave,it2,avg
Class4,P1,Class4_it2_example_0019,,,,,,,,2,,"[64, 78]",0.32,concave,it2,avg
Class4,P1,Class4_it2_example_0020,,,,,,,1.0,0,,[],0.32,concave,it2,avg
Class4,P1,Class4_it2_example_0021,,,,,,,1.0,0,,[],0.32,concave,it2,avg
Class4,P1,Class4_it2_example_0022,,,,,,,1.0,0,,[],0.32,concave,it2,avg
Class4,P1,Class4_it2_example_0023,,,,,,,1.0,0,,[],0.32,concave,it2,avg
Class4,P1,Class4_it2_example_0024,,,,,,,1.0,0,,[],0.32,concave,it2,avg
Class4,P1,Class4_it2_example_0025,,,,,,,1.0,0,,[],0.32,concave,it2,avg
Class4,P1,Class4_it2_example_0026,,,,,,,1.0,0,,[],0.32,concave,it2,avg
Class4,P1,Class4_it2_example_0027,,,,,,,1.0,0,,[],0.32,concave,it2,avg
Class4,P1,Class4_it2_example_0028,,,,,,,1.0,0,,[],0.32,concave,it2,avg
Class4,P1,Class4_it2_example_0029,,,,,,,1.0,0,,[],0.32,concave,it2,avg
Class4,P1,Class4_it2_example_0030,,,,,,,1.0,0,,[],0.32,concave,it2,avg
Class4,P1,Class4_it2_example_0031,,,,,,,1.0,0,,[],0.32,concave,it2,avg
Class4,P1,Class4_it2_example_0032,,,,,,,1.0,0,,[],0.32,concave,it2,avg
Class4,P1,Class4_it2_example_0033,,,,,,,,1,,[78],0.32,concave,it2,avg
Class4,P1,Class4_it2_example_0034,,,,,,,,1,,[56],0.32,concave,it2,avg
Class4,P1,Class4_it2_example_0035,,,,,,,1.0,0,,[],0.32,concave,it2,avg
Class4,P1,Class4_it2_example_0036,,,,,,,1.0,0,,[],0.32,concave,it2,avg
Class4,P1,Class4_it2_example_0037,,,,,,,,1,,[53],0.32,concave,it2,avg
Class4,P1,Class4_it2_example_0038,,,,,,,1.0,0,,[],0.32,concave,it2,avg
Class4,P1,Class4_it2_example_0039,,,,,,,,1,,[49],0.32,concave,it2,avg
Class4,P1,Class4_it2_example_0040,,,,,,,1.0,0,,[],0.32,concave,it2,avg
Class4,P1,Class4_it2_example_0041,,,,,,,,1,,[76],0.32,concave,it2,avg
Class4,P1,Class4_it2_example_0042,,,,,,,1.0,0,,[],0.32,concave,it2,avg
Class4,P1,Class4_it2_example_0043,,,,,,,1.0,0,,[],0.32,concave,it2,avg
Class4,P1,Class4_it2_example_0044,,,,,,,1.0,0,,[],0.32,concave,it2,avg
Class4,P1,Class4_it2_example_0045,,,,,,,1.0,0,,[],0.32,concave,it2,avg
Class4,P1,Class4_it2_example_0046,,,,,,,1.0,0,,[],0.32,concave,it2,avg
Class4,P1,Class4_it2_example_0047,,,,,,,1.0,0,,[],0.32,concave,it2,avg
Class4,P1,Class4_it2_example_0048,,,,,,,1.0,0,,[],0.32,concave,it2,avg
Class4,P1,Class4_it2_example_0049,,,,,,,1.0,0,,[],0.32,concave,it2,avg
Class4,P1,Class4_it2_example_0050,,,,,,,1.0,0,,[],0.32,concave,it2,avg
Class1,P2,Class1_it2_example_0001,,,,,,,1.0,0,65,[],0.604,concave,it2,avg
Class1,P2,Class1_it2_example_0002,,,,,,,1.0,0,68,[],0.604,concave,it2,avg
Class1,P2,Class1_it2_example_0003,,,,,,,1.0,0,69,[],0.604,concave,it2,avg
Class1,P2,Class1_it2_example_0004,,,,,,,1.0,0,71,[],0.604,concave,it2,avg
Class1,P2,Class1_it2_example_0005,,,,,,,1.0,0,68,[],0.604,concave,it2,avg
Class1,P2,Class1_it2_example_0006,,,,,,,1.0,0,68,[],0.604,concave,it2,avg
Class1,P2,Class1_it2_example_0007,,,,,,,1.0,0,70,[],0.604,concave,it2,avg
Class1,P2,Class1_it2_example_0008,1.0,0.0010530080262552977,1.000000554412798,1.000000554412798,1.0,0.0,0.0,1,72,[71],0.604,concave,it2,avg
Class1,P2,Class1_it2_example_0009,2.0,0.00160816781957962,2.0000006465508293,2.0000006465508293,1.0,0.0,0.0,1,72,[70],0.604,concave,it2,avg
Class1,P2,Class1_it2_example_0010,,,,,,,1.0,0,73,[],0.604,concave,it2,avg
Class1,P2,Class1_it2_example_0011,,,,,,,1.0,0,67,[],0.604,concave,it2,avg
Class1,P2,Class1_it2_example_0012,,,,,,,1.0,0,64,[],0.604,concave,it2,avg
Class1,P2,Class1_it2_example_0013,,,,,,,1.0,0,55,[],0.604,concave,it2,avg
Class1,P2,Class1_it2_example_0014,1.0,0.0011776415570712295,1.000000693419578,1.000000693419578,1.0,0.0,0.0,1,61,[60],0.604,concave,it2,avg
Class1,P2,Class1_it2_example_0015,23.0,0.056620494247256625,23.00007984322189,20.000124816545817,0.0,2.0,1.0,2,38,"[58, 64]",0.604,concave,it2,avg
Class1,P2,Class1_it2_example_0016,35.0,0.09919479374433937,35.000140565533535,35.000140565533535,0.0,1.0,1.0,1,44,[79],0.604,concave,it2,avg
Class1,P2,Class1_it2_example_0017,,,,,,,1.0,0,51,[],0.604,concave,it2,avg
Class1,P2,Class1_it2_example_0018,,,,,,,1.0,0,54,[],0.604,concave,it2,avg
Class1,P2,Class1_it2_example_0019,,,,,,,1.0,0,51,[],0.604,concave,it2,avg
Class1,P2,Class1_it2_example_0020,1.0,0.0016841697466862815,1.000001418212862,1.000001418212862,1.0,0.0,0.0,1,67,[66],0.604,concave,it2,avg
Class1,P2,Class1_it2_example_0021,,,,,,,1.0,0,90,[],0.604,concave,it2,avg
Class1,P2,Class1_it2_example_0022,0.0,0.0,0.0,0.0,1.0,0.0,0.0,1,85,[85],0.604,concave,it2,avg
Class1,P2,Class1_it2_example_0023,3.0,0.00416892247452838,3.0000028966510346,3.0000028966510346,1.0,0.0,0.0,1,81,[78],0.604,concave,it2,avg
Class1,P2,Class1_it2_example_0024,0.0,0.0,0.0,0.0,1.0,0.0,0.0,1,87,[87],0.604,concave,it2,avg
Class1,P2,Class1_it2_example_0025,,,,,,,1.0,0,86,[],0.604,concave,it2,avg
Class1,P2,Class1_it2_example_0026,1.0,0.0012419389841796802,1.000000771205923,1.000000771205923,1.0,0.0,0.0,1,89,[88],0.604,concave,it2,avg
Class1,P2,Class1_it2_example_0027,3.0,0.0005569851106870249,3.000000092254532,1.00000015307485,1.0,1.0,0.0,2,92,"[87, 91]",0.604,concave,it2,avg
Class1,P2,Class1_it2_example_0028,1.0,0.0005774441155665944,1.0000001667208394,1.0000001667208394,1.0,0.0,0.0,1,89,[88],0.604,concave,it2,avg
Class1,P2,Class1_it2_example_0029,,,,,,,1.0,0,79,[],0.604,concave,it2,avg
Class1,P2,Class1_it2_example_0030,0.0,0.0,0.0,0.0,1.0,0.0,0.0,1,50,[50],0.604,concave,it2,avg
Class1,P2,Class1_it2_example_0031,2.0,0.00911336087770842,2.0000253921946274,1.0000003445542875,1.0,0.0,0.0,2,55,"[54, 58]",0.604,concave,it2,avg
Class1,P2,Class1_it2_example_0032,1.0,0.0029204265289767273,1.0000042644364628,1.0000042644364628,1.0,0.0,0.0,1,54,[53],0.604,concave,it2,avg
Class1,P2,Class1_it2_example_0033,,,,,,,1.0,0,54,[],0.604,concave,it2,avg
Class1,P2,Class1_it2_example_0034,0.0,0.0,0.0,0.0,1.0,0.0,0.0,1,54,[54],0.604,concave,it2,avg
Class1,P2,Class1_it2_example_0035,0.0,0.0,0.0,0.0,1.0,0.0,0.0,1,75,[75],0.604,concave,it2,avg
Class1,P2,Class1_it2_example_0036,1.0,0.0006645236548863398,1.0000002207958196,1.0000002207958196,1.0,0.0,0.0,1,75,[74],0.604,concave,it2,avg
Class1,P2,Class1_it2_example_0037,1.0,0.0006766794190246062,1.0000002289474919,1.0000002289474919,1.0,0.0,0.0,1,75,[74],0.604,concave,it2,avg
Class1,P2,Class1_it2_example_0038,2.0,0.004617077035076855,2.0000053293429865,2.0000053293429865,1.0,0.0,0.0,1,75,[73],0.604,concave,it2,avg
Class1,P2,Class1_it2_example_0039,,,,,,,1.0,0,49,[],0.604,concave,it2,avg
Class1,P2,Class1_it2_example_0040,0.0,0.0,0.0,0.0,1.0,0.0,0.0,1,63,[63],0.604,concave,it2,avg
Class1,P2,Class1_it2_example_0041,0.0,0.0,0.0,0.0,1.0,0.0,0.0,1,64,[64],0.604,concave,it2,avg
Class1,P2,Class1_it2_example_0042,,,,,,,1.0,0,77,[],0.604,concave,it2,avg
Class1,P2,Class1_it2_example_0043,6.0,0.004941313613987197,6.000002034714674,6.000002034714674,0.0,1.0,1.0,1,64,[58],0.604,concave,it2,avg
Class1,P2,Class1_it2_example_0044,0.0,0.0,0.0,0.0,1.0,0.0,0.0,1,56,[56],0.604,concave,it2,avg
Class1,P2,Class1_it2_example_0045,2.0,0.003150523655727433,2.000002481448287,2.000002481448287,1.0,0.0,0.0,1,60,[58],0.604,concave,it2,avg
Class1,P2,Class1_it2_example_0046,1.0,0.0015905919323804252,1.0000012649905476,1.0000012649905476,1.0,0.0,0.0,1,58,[57],0.604,concave,it2,avg
Class1,P2,Class1_it2_example_0047,0.0,0.0,0.0,0.0,1.0,0.0,0.0,1,57,[57],0.604,concave,it2,avg
Class1,P2,Class1_it2_example_0048,,,,,,,1.0,0,61,[],0.604,concave,it2,avg
Class1,P2,Class1_it2_example_0049,6.0,0.008879506290898953,6.000006570465733,6.000006570465733,0.0,1.0,1.0,1,58,[52],0.604,concave,it2,avg
Class1,P2,Class1_it2_example_0050,,,,,,,1.0,0,86,[],0.604,concave,it2,avg
Class1,P2,Class1_it2_example_0051,,,,,,,1.0,0,62,[],0.604,concave,it2,avg
Class1,P2,Class1_it2_example_0052,,,,,,,1.0,0,68,[],0.604,concave,it2,avg
Class1,P2,Class1_it2_example_0053,,,,,,,1.0,0,62,[],0.604,concave,it2,avg
Class1,P2,Class1_it2_example_0054,1.0,0.0004588108001579716,1.0000001052536698,1.0000001052536698,1.0,0.0,0.0,1,67,[66],0.604,concave,it2,avg
Class1,P2,Class1_it2_example_0055,,,,,,,1.0,0,97,[],0.604,concave,it2,avg
Class1,P2,Class1_it2_example_0056,,,,,,,1.0,0,50,[],0.604,concave,it2,avg
Class1,P2,Class1_it2_example_0057,,,,,,,1.0,0,54,[],0.604,concave,it2,avg
Class1,P2,Class1_it2_example_0058,3.0,0.00411999543480257,3.0000028290590635,3.0000028290590635,1.0,0.0,0.0,1,68,[65],0.604,concave,it2,avg
Class1,P2,Class1_it2_example_0059,1.0,0.0010891020111323257,1.0000005930714193,1.0000005930714193,1.0,0.0,0.0,1,61,[60],0.604,concave,it2,avg
Class1,P2,Class1_it2_example_0060,28.0,0.1578802489350678,28.000445106694354,28.000445106694354,0.0,1.0,1.0,1,43,[71],0.604,concave,it2,avg
Class1,P2,Class1_it2_example_0061,4.0,0.005700856124008724,4.0000040624680056,4.0000040624680056,0.0,1.0,1.0,1,73,[69],0.604,concave,it2,avg
Class1,P2,Class1_it2_example_0062,2.0,0.0017637271742358962,2.000000777683235,2.000000777683235,1.0,0.0,0.0,1,58,[56],0.604,concave,it2,avg
Class1,P2,Class1_it2_example_0063,1.0,0.0007625517380578373,1.0000002907425343,1.0000002907425343,1.0,0.0,0.0,1,77,[76],0.604,concave,it2,avg
Class1,P2,Class1_it2_example_0064,9.0,0.012518232425591247,9.000008705892625,9.000008705892625,0.0,1.0,1.0,1,82,[73],0.604,concave,it2,avg
Class1,P2,Class1_it2_example_0065,2.0,0.003868730277456489,2.00000374176499,2.00000374176499,1.0,0.0,0.0,1,71,[69],0.604,concave,it2,avg
Class1,P2,Class1_it2_example_0066,3.0,0.006565362858461765,3.0000071839896423,3.0000071839896423,1.0,0.0,0.0,1,72,[69],0.604,concave,it2,avg
Class1,P2,Class1_it2_example_0067,1.0,0.001073304470594838,1.0000005759910773,1.0000005759910773,1.0,0.0,0.0,1,67,[66],0.604,concave,it2,avg
Class1,P2,Class1_it2_example_0068,,,,,,,1.0,0,47,[],0.604,concave,it2,avg
Class1,P2,Class1_it2_example_0069,2.0,0.0015815167439942046,2.0000006252987053,2.0000006252987053,1.0,0.0,0.0,1,50,[48],0.604,concave,it2,avg
Class1,P2,Class1_it2_example_0070,2.0,0.0012409133970456843,2.000000384966478,2.000000384966478,1.0,0.0,0.0,1,60,[58],0.604,concave,it2,avg
Class1,P2,Class1_it2_example_0071,2.0,0.007497706171314733,2.00001405385008,0.0,1.0,1.0,0.0,2,49,"[49, 53]",0.604,concave,it2,avg
Class1,P2,Class1_it2_example_0072,0.0,0.0,0.0,0.0,1.0,0.0,0.0,1,56,[56],0.604,concave,it2,avg
Class1,P2,Class1_it2_example_0073,2.0,0.0066206292023643365,2.0000109581527385,0.0,1.0,1.0,0.0,2,57,"[53, 57]",0.604,concave,it2,avg
Class1,P2,Class1_it2_example_0074,1.0,0.001991545000938233,1.000001983123779,1.000001983123779,1.0,0.0,0.0,1,62,[61],0.604,concave,it2,avg
Class1,P2,Class1_it2_example_0075,,,,,,,1.0,0,64,[],0.604,concave,it2,avg
Class1,P2,Class1_it2_example_0076,2.0,0.00030645273948093354,2.00000002347832,2.00000002347832,1.0,0.0,0.0,1,61,[59],0.604,concave,it2,avg
Class1,P2,Class1_it2_example_0077,0.0,0.0,0.0,0.0,1.0,0.0,0.0,1,62,[62],0.604,concave,it2,avg
Class1,P2,Class1_it2_example_0078,0.0,0.0,0.0,0.0,1.0,0.0,0.0,1,66,[66],0.604,concave,it2,avg
Class1,P2,Class1_it2_example_0079,1.0,0.0023393955700771185,1.0000027363820727,1.0000027363820727,1.0,0.0,0.0,1,64,[63],0.604,concave,it2,avg
Class1,P2,Class1_it2_example_0080,28.0,0.201382285181047,28.000724183934686,28.000724183934686,0.0,1.0,1.0,1,69,[97],0.604,concave,it2,avg
Class1,P2,Class1_it2_example_0081,2.0,0.0006664780988154817,2.0000001110482613,2.0000001110482613,1.0,0.0,0.0,1,52,[50],0.604,concave,it2,avg
Class1,P2,Class1_it2_example_0082,37.0,0.2435672288772211,37.00080168043637,37.00080168043637,0.0,1.0,1.0,1,61,[98],0.604,concave,it2,avg
Class1,P2,Class1_it2_example_0083,0.0,0.0,0.0,0.0,1.0,0.0,0.0,1,53,[53],0.604,concave,it2,avg
Class1,P2,Class1_it2_example_0084,3.0,0.00534751369538633,3.0000047659800013,3.0000047659800013,1.0,0.0,0.0,1,63,[66],0.604,concave,it2,avg
Class1,P2,Class1_it2_example_0085,,,,,,,1.0,0,41,[],0.604,concave,it2,avg
Class1,P2,Class1_it2_example_0086,0.0,0.0,0.0,0.0,1.0,0.0,0.0,1,57,[57],0.604,concave,it2,avg
Class1,P2,Class1_it2_example_0087,1.0,1.1015918616963383e-05,1.0000000000606752,1.0000000000606752,1.0,0.0,0.0,1,53,[52],0.604,concave,it2,avg
Class1,P2,Class1_it2_example_0088,,,,,,,1.0,0,52,[],0.604,concave,it2,avg
Class1,P2,Class1_it2_example_0089,0.0,0.0,0.0,0.0,1.0,0.0,0.0,1,54,[54],0.604,concave,it2,avg
Class1,P2,Class1_it2_example_0090,,,,,,,1.0,0,58,[],0.604,concave,it2,avg
Class1,P2,Class1_it2_example_0091,,,,,,,1.0,0,59,[],0.604,concave,it2,avg
Class1,P2,Class1_it2_example_0092,,,,,,,1.0,0,53,[],0.604,concave,it2,avg
Class1,P2,Class1_it2_example_0093,0.0,0.0,0.0,0.0,1.0,0.0,0.0,1,62,[62],0.604,concave,it2,avg
Class1,P2,Class1_it2_example_0094,,,,,,,1.0,0,60,[],0.604,concave,it2,avg
Class1,P2,Class1_it2_example_0095,,,,,,,1.0,0,60,[],0.604,concave,it2,avg
Class1,P2,Class1_it2_example_0096,,,,,,,1.0,0,60,[],0.604,concave,it2,avg
Class1,P2,Class1_it2_example_0097,,,,,,,1.0,0,60,[],0.604,concave,it2,avg
Class1,P2,Class1_it2_example_0098,,,,,,,1.0,0,63,[],0.604,concave,it2,avg
Class1,P2,Class1_it2_example_0099,0.0,0.0,0.0,0.0,1.0,0.0,0.0,1,72,[72],0.604,concave,it2,avg
Class1,P2,Class1_it2_example_0100,34.0,0.17648242888916793,34.0004580270282,34.0004580270282,0.0,1.0,1.0,1,50,[84],0.604,concave,it2,avg
Class1,P2,Class1_it2_example_0101,,,,,,,1.0,0,59,[],0.604,concave,it2,avg
Class1,P2,Class1_it2_example_0102,,,,,,,1.0,0,53,[],0.604,concave,it2,avg
Class1,P2,Class1_it2_example_0103,,,,,,,1.0,0,51,[],0.604,concave,it2,avg
Class1,P2,Class1_it2_example_0104,,,,,,,1.0,0,52,[],0.604,concave,it2,avg
Class1,P2,Class1_it2_example_0105,,,,,,,1.0,0,54,[],0.604,concave,it2,avg
Class1,P2,Class1_it2_example_0106,,,,,,,1.0,0,59,[],0.604,concave,it2,avg
Class1,P2,Class1_it2_example_0107,19.0,0.0530328561422041,19.00007401258823,19.00007401258823,0.0,1.0,1.0,1,58,[77],0.604,concave,it2,avg
Class1,P2,Class1_it2_example_0108,,,,,,,1.0,0,55,[],0.604,concave,it2,avg
Class1,P2,Class1_it2_example_0109,,,,,,,1.0,0,49,[],0.604,concave,it2,avg
Class1,P2,Class1_it2_example_0110,,,,,,,1.0,0,50,[],0.604,concave,it2,avg
Class1,P2,Class1_it2_example_0111,,,,,,,1.0,0,49,[],0.604,concave,it2,avg
Class1,P2,Class1_it2_example_0112,,,,,,,1.0,0,46,[],0.604,concave,it2,avg
Class1,P2,Class1_it2_example_0113,,,,,,,1.0,0,60,[],0.604,concave,it2,avg
Class1,P2,Class1_it2_example_0114,,,,,,,1.0,0,47,[],0.604,concave,it2,avg
Class1,P2,Class1_it2_example_0115,,,,,,,1.0,0,59,[],0.604,concave,it2,avg
Class1,P2,Class1_it2_example_0116,,,,,,,1.0,0,62,[],0.604,concave,it2,avg
Class1,P2,Class1_it2_example_0117,,,,,,,1.0,0,71,[],0.604,concave,it2,avg
Class1,P2,Class1_it2_example_0118,,,,,,,1.0,0,84,[],0.604,concave,it2,avg
Class1,P2,Class1_it2_example_0119,,,,,,,1.0,0,57,[],0.604,concave,it2,avg
Class1,P2,Class1_it2_example_0120,0.0,0.0,0.0,0.0,1.0,0.0,0.0,1,56,[56],0.604,concave,it2,avg
Class1,P2,Class1_it2_example_0121,1.0,0.0007935219985616415,1.0000003148385315,1.0000003148385315,1.0,0.0,0.0,1,53,[52],0.604,concave,it2,avg
Class1,P2,Class1_it2_example_0122,1.0,0.0026387003505319306,1.00000348136371,1.00000348136371,1.0,0.0,0.0,1,54,[53],0.604,concave,it2,avg
Class1,P2,Class1_it2_example_0123,2.5,0.0012440714894232374,2.5000004999616574,1.0000008169376098,1.0,1.0,0.0,2,53,"[49, 52]",0.604,concave,it2,avg
Class1,P2,Class1_it2_example_0124,1.0,0.0003523956296179742,1.0000000620913378,1.0000000620913378,1.0,0.0,0.0,1,60,[59],0.604,concave,it2,avg
Class1,P2,Class1_it2_example_0125,0.0,0.0,0.0,0.0,1.0,0.0,0.0,1,61,[61],0.604,concave,it2,avg
Class1,P2,Class1_it2_example_0126,0.0,0.0,0.0,0.0,1.0,0.0,0.0,1,55,[55],0.604,concave,it2,avg
Class1,P2,Class1_it2_example_0127,0.0,0.0,0.0,0.0,1.0,0.0,0.0,1,57,[57],0.604,concave,it2,avg
Class1,P2,Class1_it2_example_0128,,,,,,,1.0,0,64,[],0.604,concave,it2,avg
Class1,P2,Class1_it2_example_0129,0.0,0.0,0.0,0.0,1.0,0.0,0.0,1,69,[69],0.604,concave,it2,avg
Class1,P2,Class1_it2_example_0130,1.0,9.334216890044544e-05,1.0000000043563801,1.0000000043563801,1.0,0.0,0.0,1,70,[69],0.604,concave,it2,avg
Class1,P2,Class1_it2_example_0131,2.0,0.0016589889702417482,2.0000006880609824,2.0000006880609824,1.0,0.0,0.0,1,60,[58],0.604,concave,it2,avg
Class1,P2,Class1_it2_example_0132,0.0,0.0,0.0,0.0,1.0,0.0,0.0,1,82,[82],0.604,concave,it2,avg
Class1,P2,Class1_it2_example_0133,0.0,0.0,0.0,0.0,1.0,0.0,0.0,1,86,[86],0.604,concave,it2,avg
Class1,P2,Class1_it2_example_0134,1.0,0.0005251931523420073,1.000000137913914,1.000000137913914,1.0,0.0,0.0,1,84,[83],0.604,concave,it2,avg
Class1,P2,Class1_it2_example_0135,0.0,0.0,0.0,0.0,1.0,0.0,0.0,1,50,[50],0.604,concave,it2,avg
Class1,P2,Class1_it2_example_0136,0.0,0.0,0.0,0.0,1.0,0.0,0.0,1,63,[63],0.604,concave,it2,avg
Class1,P2,Class1_it2_example_0137,0.0,0.0,0.0,0.0,1.0,0.0,0.0,1,65,[65],0.604,concave,it2,avg
Class1,P2,Class1_it2_example_0138,,,,,,,1.0,0,62,[],0.604,concave,it2,avg
Class1,P2,Class1_it2_example_0139,23.5,0.058159570961705265,23.50007273041691,21.000079878947695,0.0,2.0,1.0,2,68,"[89, 94]",0.604,concave,it2,avg
Class1,P2,Class1_it2_example_0140,,,,,,,1.0,0,56,[],0.604,concave,it2,avg
Class1,P2,Class1_it2_example_0141,,,,,,,1.0,0,60,[],0.604,concave,it2,avg
Class1,P2,Class1_it2_example_0142,,,,,,,1.0,0,59,[],0.604,concave,it2,avg
Class1,P2,Class1_it2_example_0143,2.0,0.0023142098375882325,2.000001338891345,2.000001338891345,1.0,0.0,0.0,1,53,[51],0.604,concave,it2,avg
Class1,P2,Class1_it2_example_0144,0.0,0.0,0.0,0.0,1.0,0.0,0.0,1,72,[72],0.604,concave,it2,avg
Class1,P2,Class1_it2_example_0145,1.0,0.0014958219443499399,1.0000011187410187,1.0000011187410187,1.0,0.0,0.0,1,65,[66],0.604,concave,it2,avg
Class1,P2,Class1_it2_example_0146,0.0,0.0,0.0,0.0,1.0,0.0,0.0,1,66,[66],0.604,concave,it2,avg
Class1,P2,Class1_it2_example_0147,32.0,0.01669012574767037,32.00000435250435,32.00000435250435,0.0,1.0,1.0,1,52,[84],0.604,concave,it2,avg
Class1,P2,Class1_it2_example_0148,28.0,0.08418223374058864,28.000126547008275,28.000126547008275,0.0,1.0,1.0,1,48,[76],0.604,concave,it2,avg
Class1,P2,Class1_it2_example_0149,,,,,,,1.0,0,55,[],0.604,concave,it2,avg
Class1,P2,Class1_it2_example_0150,28.0,0.018383783750046734,28.000006047397328,27.000006377643547,0.0,2.0,1.0,2,45,"[72, 74]",0.604,concave,it2,avg
Class1,P2,Class1_it2_example_0151,,,,,,,1.0,0,41,[],0.604,concave,it2,avg
Class1,P2,Class1_it2_example_0152,0.0,0.0,0.0,0.0,1.0,0.0,0.0,1,43,[43],0.604,concave,it2,avg
Class1,P2,Class1_it2_example_0153,1.0,0.002145603269843477,1.0000023018040467,1.0000023018040467,1.0,0.0,0.0,1,45,[44],0.604,concave,it2,avg
Class1,P2,Class1_it2_example_0154,0.0,0.0,0.0,0.0,1.0,0.0,0.0,1,39,[39],0.604,concave,it2,avg
Class1,P2,Class1_it2_example_0155,,,,,,,1.0,0,41,[],0.604,concave,it2,avg
Class1,P2,Class1_it2_example_0156,,,,,,,1.0,0,37,[],0.604,concave,it2,avg
Class1,P2,Class1_it2_example_0157,1.0,9.355619738671273e-05,1.000000004376381,1.000000004376381,1.0,0.0,0.0,1,64,[63],0.604,concave,it2,avg
Class1,P2,Class1_it2_example_0158,,,,,,,1.0,0,59,[],0.604,concave,it2,avg
Class1,P2,Class1_it2_example_0159,1.0,0.0009072368108137274,1.0000004115392307,1.0000004115392307,1.0,0.0,0.0,1,59,[58],0.604,concave,it2,avg
Class1,P2,Class1_it2_example_0160,,,,,,,1.0,0,64,[],0.604,concave,it2,avg
Class1,P2,Class1_it2_example_0161,2.0,0.0035086126182608535,2.0000030775882585,2.0000030775882585,1.0,0.0,0.0,1,56,[54],0.604,concave,it2,avg
Class1,P2,Class1_it2_example_0162,,,,,,,1.0,0,64,[],0.604,concave,it2,avg
Class1,P2,Class1_it2_example_0163,0.0,0.0,0.0,0.0,1.0,0.0,0.0,1,65,[65],0.604,concave,it2,avg
Class1,P2,Class1_it2_example_0164,4.0,0.0018079665592850014,4.0000004662321915,1.000000406030082,1.0,1.0,0.0,2,68,"[61, 67]",0.604,concave,it2,avg
Class1,P2,Class1_it2_example_0165,2.0,0.0032319097190696144,2.0000026113084033,2.0000026113084033,1.0,0.0,0.0,1,70,[68],0.604,concave,it2,avg
Class1,P2,Class1_it2_example_0166,2.5,9.287378293193482e-05,2.500000001725108,0.0,1.0,1.0,0.0,2,65,"[60, 65]",0.604,concave,it2,avg
Class1,P2,Class1_it2_example_0167,0.0,0.0,0.0,0.0,1.0,0.0,0.0,1,64,[64],0.604,concave,it2,avg
Class1,P2,Class1_it2_example_0168,,,,,,,1.0,0,56,[],0.604,concave,it2,avg
Class1,P2,Class1_it2_example_0169,0.0,0.0,0.0,0.0,1.0,0.0,0.0,1,54,[54],0.604,concave,it2,avg
Class1,P2,Class1_it2_example_0170,2.0,0.004471723010143203,2.000004999070422,2.000004999070422,1.0,0.0,0.0,1,74,[72],0.604,concave,it2,avg
Class1,P2,Class1_it2_example_0171,0.0,0.0,0.0,0.0,1.0,0.0,0.0,1,61,[61],0.604,concave,it2,avg
Class1,P2,Class1_it2_example_0172,0.0,0.0,0.0,0.0,1.0,0.0,0.0,1,64,[64],0.604,concave,it2,avg
Class1,P2,Class1_it2_example_0173,0.0,0.0,0.0,0.0,1.0,0.0,0.0,1,61,[61],0.604,concave,it2,avg
Class1,P2,Class1_it2_example_0174,5.0,0.003582043374496524,5.000001283103309,5.000001283103309,0.0,1.0,1.0,1,61,[56],0.604,concave,it2,avg
Class1,P2,Class1_it2_example_0175,0.0,0.0,0.0,0.0,1.0,0.0,0.0,1,61,[61],0.604,concave,it2,avg
Class1,P2,Class1_it2_example_0176,0.0,0.0,0.0,0.0,1.0,0.0,0.0,1,58,[58],0.604,concave,it2,avg
Class1,P2,Class1_it2_example_0177,0.0,0.0,0.0,0.0,1.0,0.0,0.0,1,63,[63],0.604,concave,it2,avg
Class1,P2,Class1_it2_example_0178,1.0,0.0014680832743710903,1.0000010776336696,1.0000010776336696,1.0,0.0,0.0,1,68,[67],0.604,concave,it2,avg
Class1,P2,Class1_it2_example_0179,2.0,0.002589898737189067,2.0000016768931643,2.0000016768931643,1.0,0.0,0.0,1,65,[63],0.604,concave,it2,avg
Class1,P2,Class1_it2_example_0180,0.0,0.0,0.0,0.0,1.0,0.0,0.0,1,65,[65],0.604,concave,it2,avg
Class1,P2,Class1_it2_example_0181,0.0,0.0,0.0,0.0,1.0,0.0,0.0,1,68,[68],0.604,concave,it2,avg
Class1,P2,Class1_it2_example_0182,0.0,0.0,0.0,0.0,1.0,0.0,0.0,1,70,[70],0.604,concave,it2,avg
Class1,P2,Class1_it2_example_0183,1.0,0.00036173003970785267,1.0000000654243086,1.0000000654243086,1.0,0.0,0.0,1,64,[65],0.604,concave,it2,avg
Class1,P2,Class1_it2_example_0184,1.0,0.0006776651487199192,1.0000002296150006,1.0000002296150006,1.0,0.0,0.0,1,51,[50],0.604,concave,it2,avg
Class1,P2,Class1_it2_example_0185,1.0,0.0004061728414047616,1.0000000824881852,1.0000000824881852,1.0,0.0,0.0,1,55,[54],0.604,concave,it2,avg
Class1,P2,Class1_it2_example_0186,5.0,0.001176769048662818,5.000000138478537,5.000000138478537,0.0,1.0,1.0,1,61,[56],0.604,concave,it2,avg
Class1,P2,Class1_it2_example_0187,27.0,0.011978629840715738,27.000002657494413,24.00000241999864,0.0,2.0,1.0,2,56,"[80, 86]",0.604,concave,it2,avg
Class1,P2,Class1_it2_example_0188,,,,,,,1.0,0,48,[],0.604,concave,it2,avg
Class1,P2,Class1_it2_example_0189,1.0,0.0016918775591358015,1.0000014312238132,1.0000014312238132,1.0,0.0,0.0,1,57,[56],0.604,concave,it2,avg
Class1,P2,Class1_it2_example_0190,1.0,0.0011639386570513333,1.0000006773763692,1.0000006773763692,1.0,0.0,0.0,1,55,[54],0.604,concave,it2,avg
Class1,P2,Class1_it2_example_0191,0.0,0.0,0.0,0.0,1.0,0.0,0.0,1,51,[51],0.604,concave,it2,avg
Class1,P2,Class1_it2_example_0192,,,,,,,1.0,0,52,[],0.604,concave,it2,avg
Class1,P2,Class1_it2_example_0193,0.0,0.0,0.0,0.0,1.0,0.0,0.0,1,59,[59],0.604,concave,it2,avg
Class1,P2,Class1_it2_example_0194,0.0,0.0,0.0,0.0,1.0,0.0,0.0,1,47,[47],0.604,concave,it2,avg
Class1,P2,Class1_it2_example_0195,24.0,0.036040776275934605,24.000027061183797,24.000027061183797,0.0,1.0,1.0,1,55,[79],0.604,concave,it2,avg
Class1,P2,Class1_it2_example_0196,0.0,0.0,0.0,0.0,1.0,0.0,0.0,1,53,[53],0.604,concave,it2,avg
Class1,P2,Class1_it2_example_0197,,,,,,,1.0,0,79,[],0.604,concave,it2,avg
Class1,P2,Class1_it2_example_0198,,,,,,,1.0,0,74,[],0.604,concave,it2,avg
Class1,P2,Class1_it2_example_0199,,,,,,,1.0,0,78,[],0.604,concave,it2,avg
Class1,P2,Class1_it2_example_0200,,,,,,,1.0,0,77,[],0.604,concave,it2,avg
Class1,P2,Class1_it2_example_0201,1.0,0.0009106655333743774,1.0000004146557708,1.0000004146557708,1.0,0.0,0.0,1,51,[50],0.604,concave,it2,avg
Class1,P2,Class1_it2_example_0202,1.0,0.0014779109941120971,1.000001092109857,1.000001092109857,1.0,0.0,0.0,1,70,[69],0.604,concave,it2,avg
Class1,P2,Class1_it2_example_0203,,,,,,,1.0,0,65,[],0.604,concave,it2,avg
Class1,P2,Class1_it2_example_0204,1.0,0.0008847311563715543,1.000000391374533,1.000000391374533,1.0,0.0,0.0,1,48,[47],0.604,concave,it2,avg
Class1,P2,Class1_it2_example_0205,,,,,,,1.0,0,68,[],0.604,concave,it2,avg
Class1,P2,Class1_it2_example_0206,,,,,,,1.0,0,80,[],0.604,concave,it2,avg
Class1,P2,Class1_it2_example_0207,,,,,,,1.0,0,68,[],0.604,concave,it2,avg
Class1,P2,Class1_it2_example_0208,,,,,,,1.0,0,65,[],0.604,concave,it2,avg
Class1,P2,Class1_it2_example_0209,,,,,,,1.0,0,83,[],0.604,concave,it2,avg
Class1,P2,Class1_it2_example_0210,1.0,0.0008469974233429323,1.0000003587022532,1.0000003587022532,1.0,0.0,0.0,1,79,[78],0.604,concave,it2,avg
Class1,P2,Class1_it2_example_0211,1.0,2.7824589712288628e-05,1.000000000387104,1.000000000387104,1.0,0.0,0.0,1,83,[82],0.604,concave,it2,avg
Class1,P2,Class1_it2_example_0212,1.0,0.0003681945806482956,1.0000000677836223,1.0000000677836223,1.0,0.0,0.0,1,82,[81],0.604,concave,it2,avg
Class1,P2,Class1_it2_example_0213,0.0,0.0,0.0,0.0,1.0,0.0,0.0,1,82,[82],0.604,concave,it2,avg
Class1,P2,Class1_it2_example_0214,,,,,,,1.0,0,72,[],0.604,concave,it2,avg
Class1,P2,Class1_it2_example_0215,,,,,,,1.0,0,76,[],0.604,concave,it2,avg
Class1,P2,Class1_it2_example_0216,,,,,,,1.0,0,79,[],0.604,concave,it2,avg
Class1,P2,Class1_it2_example_0217,,,,,,,1.0,0,71,[],0.604,concave,it2,avg
Class1,P2,Class1_it2_example_0218,,,,,,,1.0,0,83,[],0.604,concave,it2,avg
Class1,P2,Class1_it2_example_0219,,,,,,,1.0,0,75,[],0.604,concave,it2,avg
Class1,P2,Class1_it2_example_0220,,,,,,,1.0,0,74,[],0.604,concave,it2,avg
Class1,P2,Class1_it2_example_0221,,,,,,,1.0,0,70,[],0.604,concave,it2,avg
Class1,P2,Class1_it2_example_0222,,,,,,,1.0,0,75,[],0.604,concave,it2,avg
Class1,P2,Class1_it2_example_0223,,,,,,,1.0,0,80,[],0.604,concave,it2,avg
Class1,P2,Class1_it2_example_0224,,,,,,,1.0,0,77,[],0.604,concave,it2,avg
Class1,P2,Class1_it2_example_0225,3.0,0.0038464254434271705,3.0000024658304354,3.0000024658304354,1.0,0.0,0.0,1,53,[50],0.604,concave,it2,avg
Class1,P2,Class1_it2_example_0226,,,,,,,1.0,0,61,[],0.604,concave,it2,avg
Class1,P2,Class1_it2_example_0227,,,,,,,1.0,0,59,[],0.604,concave,it2,avg
Class1,P2,Class1_it2_example_0228,21.0,0.013043691690335368,21.000004050901822,21.000004050901822,0.0,1.0,1.0,1,53,[74],0.604,concave,it2,avg
Class1,P2,Class1_it2_example_0229,1.0,0.0015693399830249977,1.000001231413233,1.000001231413233,1.0,0.0,0.0,1,62,[61],0.604,concave,it2,avg
Class1,P2,Class1_it2_example_0230,1.0,0.0026868508002527713,1.000003609577097,1.000003609577097,1.0,0.0,0.0,1,59,[58],0.604,concave,it2,avg
Class1,P2,Class1_it2_example_0231,16.0,0.04736832206385472,16.000070790280525,14.000075740860387,0.0,2.0,1.0,2,56,"[70, 74]",0.604,concave,it2,avg
Class1,P2,Class1_it2_example_0232,0.0,0.0,0.0,0.0,1.0,0.0,0.0,1,58,[58],0.604,concave,it2,avg
Class1,P2,Class1_it2_example_0233,0.0,0.0,0.0,0.0,1.0,0.0,0.0,1,51,[51],0.604,concave,it2,avg
Class1,P2,Class1_it2_example_0234,,,,,,,1.0,0,59,[],0.604,concave,it2,avg
Class1,P2,Class1_it2_example_0235,,,,,,,1.0,0,59,[],0.604,concave,it2,avg
Class1,P2,Class1_it2_example_0236,1.0,0.0009035051829026086,1.0000004081607246,1.0000004081607246,1.0,0.0,0.0,1,58,[57],0.604,concave,it2,avg
Class1,P2,Class1_it2_example_0237,,,,,,,1.0,0,54,[],0.604,concave,it2,avg
Class1,P2,Class1_it2_example_0238,1.0,6.264222018836918e-05,1.0000000019620239,1.0000000019620239,1.0,0.0,0.0,1,69,[70],0.604,concave,it2,avg
Class1,P2,Class1_it2_example_0239,1.0,0.0012751636399876976,1.000000813020824,1.000000813020824,1.0,0.0,0.0,1,65,[64],0.604,concave,it2,avg
Class1,P2,Class1_it2_example_0240,5.0,0.0054245405097863575,5.000002942563109,5.000002942563109,0.0,1.0,1.0,1,70,[65],0.604,concave,it2,avg
Class1,P2,Class1_it2_example_0241,1.0,0.00089307709082731,1.0000003987932655,1.0000003987932655,1.0,0.0,0.0,1,69,[70],0.604,concave,it2,avg
Class1,P2,Class1_it2_example_0242,1.0,0.0006653020178019053,1.000000221313363,1.000000221313363,1.0,0.0,0.0,1,59,[58],0.604,concave,it2,avg
Class1,P2,Class1_it2_example_0243,0.0,0.0,0.0,0.0,1.0,0.0,0.0,1,60,[60],0.604,concave,it2,avg
Class1,P2,Class1_it2_example_0244,0.0,0.0,0.0,0.0,1.0,0.0,0.0,1,64,[64],0.604,concave,it2,avg
Class1,P2,Class1_it2_example_0245,0.0,0.0,0.0,0.0,1.0,0.0,0.0,1,64,[64],0.604,concave,it2,avg
Class1,P2,Class1_it2_example_0246,0.0,0.0,0.0,0.0,1.0,0.0,0.0,1,56,[56],0.604,concave,it2,avg
Class1,P2,Class1_it2_example_0247,1.0,0.00046381227114256074,1.0000001075609055,1.0000001075609055,1.0,0.0,0.0,1,72,[71],0.604,concave,it2,avg
Class1,P2,Class1_it2_example_0248,1.0,0.000987912320080886,1.000000487985257,1.000000487985257,1.0,0.0,0.0,1,54,[53],0.604,concave,it2,avg
Class1,P2,Class1_it2_example_0249,0.0,0.0,0.0,0.0,1.0,0.0,0.0,1,60,[60],0.604,concave,it2,avg
Class1,P2,Class1_it2_example_0250,0.0,0.0,0.0,0.0,1.0,0.0,0.0,1,65,[65],0.604,concave,it2,avg
Class2,P2,Class2_it2_example_0001,0.0,0.0,0.0,0.0,1.0,0.0,0.0,1,67,[67],0.956,concave,it2,avg
Class2,P2,Class2_it2_example_0002,0.0,0.0,0.0,0.0,1.0,0.0,0.0,1,70,[70],0.956,concave,it2,avg
Class2,P2,Class2_it2_example_0003,15.0,0.03177670325954407,15.000033658591239,15.000033658591239,0.0,1.0,1.0,1,67,[82],0.956,concave,it2,avg
Class2,P2,Class2_it2_example_0004,20.0,0.04865090530581628,20.00005917267714,20.00005917267714,0.0,1.0,1.0,1,67,[87],0.956,concave,it2,avg
Class2,P2,Class2_it2_example_0005,0.0,0.0,0.0,0.0,1.0,0.0,0.0,1,64,[64],0.956,concave,it2,avg
Class2,P2,Class2_it2_example_0006,0.0,0.0,0.0,0.0,1.0,0.0,0.0,1,62,[62],0.956,concave,it2,avg
Class2,P2,Class2_it2_example_0007,1.0,0.0008272536066151748,1.0000003421742063,1.0000003421742063,1.0,0.0,0.0,1,61,[60],0.956,concave,it2,avg
Class2,P2,Class2_it2_example_0008,0.0,0.0,0.0,0.0,1.0,0.0,0.0,1,68,[68],0.956,concave,it2,avg
Class2,P2,Class2_it2_example_0009,0.0,0.0,0.0,0.0,1.0,0.0,0.0,1,68,[68],0.956,concave,it2,avg
Class2,P2,Class2_it2_example_0010,1.0,8.023197944040383e-05,1.0000000032185852,1.0000000032185852,1.0,0.0,0.0,1,52,[51],0.956,concave,it2,avg
Class2,P2,Class2_it2_example_0011,0.0,0.0,0.0,0.0,1.0,0.0,0.0,1,61,[61],0.956,concave,it2,avg
Class2,P2,Class2_it2_example_0012,1.0,0.0008010312733618408,1.000000320825499,1.000000320825499,1.0,0.0,0.0,1,53,[52],0.956,concave,it2,avg
Class2,P2,Class2_it2_example_0013,,,,,,,1.0,0,52,[],0.956,concave,it2,avg
Class2,P2,Class2_it2_example_0014,0.0,0.0,0.0,0.0,1.0,0.0,0.0,1,65,[65],0.956,concave,it2,avg
Class2,P2,Class2_it2_example_0015,0.0,0.0,0.0,0.0,1.0,0.0,0.0,1,64,[64],0.956,concave,it2,avg
Class2,P2,Class2_it2_example_0016,1.0,0.0009987302382520324,1.00000049873092,1.00000049873092,1.0,0.0,0.0,1,59,[60],0.956,concave,it2,avg
Class2,P2,Class2_it2_example_0017,0.0,0.0,0.0,0.0,1.0,0.0,0.0,1,41,[41],0.956,concave,it2,avg
Class2,P2,Class2_it2_example_0018,24.0,0.04212320372003864,24.000036965894274,24.000036965894274,0.0,1.0,1.0,1,43,[67],0.956,concave,it2,avg
Class2,P2,Class2_it2_example_0019,,,,,,,1.0,0,50,[],0.956,concave,it2,avg
Class2,P2,Class2_it2_example_0020,1.0,0.0013168037795762144,1.000000866985721,1.000000866985721,1.0,0.0,0.0,1,69,[68],0.956,concave,it2,avg
Class2,P2,Class2_it2_example_0021,1.0,0.00026268735324463943,1.000000034502322,1.000000034502322,1.0,0.0,0.0,1,71,[70],0.956,concave,it2,avg
Class2,P2,Class2_it2_example_0022,0.0,0.0,0.0,0.0,1.0,0.0,0.0,1,47,[47],0.956,concave,it2,avg
Class2,P2,Class2_it2_example_0023,32.0,0.14238189862510597,32.00031675788626,32.00031675788626,0.0,1.0,1.0,1,53,[85],0.956,concave,it2,avg
Class2,P2,Class2_it2_example_0024,1.0,0.0003812073431945784,1.0000000726595166,1.0000000726595166,1.0,0.0,0.0,1,53,[54],0.956,concave,it2,avg
Class2,P2,Class2_it2_example_0025,0.0,0.0,0.0,0.0,1.0,0.0,0.0,1,64,[64],0.956,concave,it2,avg
Class2,P2,Class2_it2_example_0026,0.0,0.0,0.0,0.0,1.0,0.0,0.0,1,52,[52],0.956,concave,it2,avg
Class2,P2,Class2_it2_example_0027,0.0,0.0,0.0,0.0,1.0,0.0,0.0,1,59,[59],0.956,concave,it2,avg
Class2,P2,Class2_it2_example_0028,1.0,0.0019171247574076844,1.0000018376819793,1.0000018376819793,1.0,0.0,0.0,1,51,[50],0.956,concave,it2,avg
Class2,P2,Class2_it2_example_0029,1.0,0.0010166978488928002,1.0000005168371244,1.0000005168371244,1.0,0.0,0.0,1,69,[68],0.956,concave,it2,avg
Class2,P2,Class2_it2_example_0030,2.5,0.0067831671910273394,2.5000092022544917,0.0,1.0,1.0,0.0,2,62,"[62, 67]",0.956,concave,it2,avg
Class2,P2,Class2_it2_example_0031,0.0,0.0,0.0,0.0,1.0,0.0,0.0,1,68,[68],0.956,concave,it2,avg
Class2,P2,Class2_it2_example_0032,0.0,0.0,0.0,0.0,1.0,0.0,0.0,1,85,[85],0.956,concave,it2,avg
Class2,P2,Class2_it2_example_0033,0.0,0.0,0.0,0.0,1.0,0.0,0.0,1,84,[84],0.956,concave,it2,avg
Class2,P2,Class2_it2_example_0034,0.0,0.0,0.0,0.0,1.0,0.0,0.0,1,83,[83],0.956,concave,it2,avg
Class2,P2,Class2_it2_example_0035,0.0,0.0,0.0,0.0,1.0,0.0,0.0,1,83,[83],0.956,concave,it2,avg
Class2,P2,Class2_it2_example_0036,0.0,0.0,0.0,0.0,1.0,0.0,0.0,1,82,[82],0.956,concave,it2,avg
Class2,P2,Class2_it2_example_0037,0.0,0.0,0.0,0.0,1.0,0.0,0.0,1,83,[83],0.956,concave,it2,avg
Class2,P2,Class2_it2_example_0038,0.0,0.0,0.0,0.0,1.0,0.0,0.0,1,80,[80],0.956,concave,it2,avg
Class2,P2,Class2_it2_example_0039,0.0,0.0,0.0,0.0,1.0,0.0,0.0,1,79,[79],0.956,concave,it2,avg
Class2,P2,Class2_it2_example_0040,0.0,0.0,0.0,0.0,1.0,0.0,0.0,1,80,[80],0.956,concave,it2,avg
Class2,P2,Class2_it2_example_0041,0.0,0.0,0.0,0.0,1.0,0.0,0.0,1,87,[87],0.956,concave,it2,avg
Class2,P2,Class2_it2_example_0042,0.0,0.0,0.0,0.0,1.0,0.0,0.0,1,73,[73],0.956,concave,it2,avg
Class2,P2,Class2_it2_example_0043,0.0,0.0,0.0,0.0,1.0,0.0,0.0,1,82,[82],0.956,concave,it2,avg
Class2,P2,Class2_it2_example_0044,0.0,0.0,0.0,0.0,1.0,0.0,0.0,1,82,[82],0.956,concave,it2,avg
Class2,P2,Class2_it2_example_0045,0.0,0.0,0.0,0.0,1.0,0.0,0.0,1,62,[62],0.956,concave,it2,avg
Class2,P2,Class2_it2_example_0046,0.0,0.0,0.0,0.0,1.0,0.0,0.0,1,61,[61],0.956,concave,it2,avg
Class2,P2,Class2_it2_example_0047,,,,,,,1.0,0,60,[],0.956,concave,it2,avg
Class2,P2,Class2_it2_example_0048,2.0,0.002185979426966078,2.000001194626157,2.000001194626157,1.0,0.0,0.0,1,95,[93],0.956,concave,it2,avg
Class2,P2,Class2_it2_example_0049,1.0,0.0014246745301094155,1.0000010148482434,1.0000010148482434,1.0,0.0,0.0,1,62,[61],0.956,concave,it2,avg
Class2,P2,Class2_it2_example_0050,0.0,0.0,0.0,0.0,1.0,0.0,0.0,1,54,[54],0.956,concave,it2,avg
Class2,P2,Class2_it2_example_0051,0.0,0.0,0.0,0.0,1.0,0.0,0.0,1,60,[60],0.956,concave,it2,avg
Class2,P2,Class2_it2_example_0052,0.0,0.0,0.0,0.0,1.0,0.0,0.0,1,52,[52],0.956,concave,it2,avg
Class2,P2,Class2_it2_example_0053,0.0,0.0,0.0,0.0,1.0,0.0,0.0,1,69,[69],0.956,concave,it2,avg
Class2,P2,Class2_it2_example_0054,2.0,0.0013353384635664267,2.0000004457821534,0.0,1.0,1.0,0.0,2,73,"[69, 73]",0.956,concave,it2,avg
Class2,P2,Class2_it2_example_0055,3.5,0.0037524836126076044,3.5000021733384425,1.0000000536102884,1.0,1.0,0.0,2,64,"[65, 70]",0.956,concave,it2,avg
Class2,P2,Class2_it2_example_0056,12.333333333333334,0.06665461939479915,12.333514430505353,0.0,1.0,2.0,0.0,3,54,"[54, 71, 74]",0.956,concave,it2,avg
Class2,P2,Class2_it2_example_0057,14.75,0.04052021225242622,14.750058043860687,0.0,1.0,3.0,0.0,4,48,"[48, 63, 68, 72]",0.956,concave,it2,avg
Class2,P2,Class2_it2_example_0058,1.5,0.0011942581882340986,1.5000004754174647,0.0,1.0,0.0,0.0,2,45,"[45, 48]",0.956,concave,it2,avg
Class2,P2,Class2_it2_example_0059,0.0,0.0,0.0,0.0,1.0,0.0,0.0,1,56,[56],0.956,concave,it2,avg
Class2,P2,Class2_it2_example_0060,0.0,0.0,0.0,0.0,1.0,0.0,0.0,1,69,[69],0.956,concave,it2,avg
Class2,P2,Class2_it2_example_0061,0.0,0.0,0.0,0.0,1.0,0.0,0.0,1,70,[70],0.956,concave,it2,avg
Class2,P2,Class2_it2_example_0062,0.0,0.0,0.0,0.0,1.0,0.0,0.0,1,66,[66],0.956,concave,it2,avg
Class2,P2,Class2_it2_example_0063,1.5,0.00011960606207350732,1.5000000047685367,0.0,1.0,0.0,0.0,2,72,"[69, 72]",0.956,concave,it2,avg
Class2,P2,Class2_it2_example_0064,2.5,0.0023774425276489874,2.5000011304463388,0.0,1.0,1.0,0.0,2,56,"[51, 56]",0.956,concave,it2,avg
Class2,P2,Class2_it2_example_0065,2.5,0.002745483360577561,2.5000032837504467,1.0000060631531045,1.0,1.0,0.0,2,54,"[55, 58]",0.956,concave,it2,avg
Class2,P2,Class2_it2_example_0066,0.0,0.0,0.0,0.0,1.0,0.0,0.0,1,57,[57],0.956,concave,it2,avg
Class2,P2,Class2_it2_example_0067,2.5,0.004226727908157257,2.5000035730432084,0.0,1.0,1.0,0.0,2,54,"[54, 59]",0.956,concave,it2,avg
Class2,P2,Class2_it2_example_0068,2.0,0.0011143849776910075,2.0000003104634456,2.0000003104634456,1.0,0.0,0.0,1,63,[61],0.956,concave,it2,avg
Class2,P2,Class2_it2_example_0069,6.0,0.005920676348412812,6.00000292119999,0.0,1.0,1.0,0.0,2,68,"[68, 80]",0.956,concave,it2,avg
Class2,P2,Class2_it2_example_0070,1.0,0.00162946394901764,1.0000013275754993,1.0000013275754993,1.0,0.0,0.0,1,59,[60],0.956,concave,it2,avg
Class2,P2,Class2_it2_example_0071,0.0,0.0,0.0,0.0,1.0,0.0,0.0,1,61,[61],0.956,concave,it2,avg
Class2,P2,Class2_it2_example_0072,2.0,0.002315315678756369,2.0000013401712238,0.0,1.0,1.0,0.0,2,54,"[54, 58]",0.956,concave,it2,avg
Class2,P2,Class2_it2_example_0073,0.0,0.0,0.0,0.0,1.0,0.0,0.0,1,54,[54],0.956,concave,it2,avg
Class2,P2,Class2_it2_example_0074,0.0,0.0,0.0,0.0,1.0,0.0,0.0,1,53,[53],0.956,concave,it2,avg
Class2,P2,Class2_it2_example_0075,2.0,0.003396852795931271,2.000002884650149,0.0,1.0,1.0,0.0,2,56,"[52, 56]",0.956,concave,it2,avg
Class2,P2,Class2_it2_example_0076,0.0,0.0,0.0,0.0,1.0,0.0,0.0,1,61,[61],0.956,concave,it2,avg
Class2,P2,Class2_it2_example_0077,3.0,0.0017439132931936219,3.0000005068722198,0.0,1.0,1.0,0.0,2,61,"[61, 67]",0.956,concave,it2,avg
Class2,P2,Class2_it2_example_0078,0.0,0.0,0.0,0.0,1.0,0.0,0.0,1,67,[67],0.956,concave,it2,avg
Class2,P2,Class2_it2_example_0079,0.0,0.0,0.0,0.0,1.0,0.0,0.0,1,56,[56],0.956,concave,it2,avg
Class2,P2,Class2_it2_example_0080,0.0,0.0,0.0,0.0,1.0,0.0,0.0,1,48,[48],0.956,concave,it2,avg
Class2,P2,Class2_it2_example_0081,2.5,0.0008940405654082051,2.500000159861701,0.0,1.0,1.0,0.0,2,63,"[58, 63]",0.956,concave,it2,avg
Class2,P2,Class2_it2_example_0082,0.0,0.0,0.0,0.0,1.0,0.0,0.0,1,58,[58],0.956,concave,it2,avg
Class2,P2,Class2_it2_example_0083,0.0,0.0,0.0,0.0,1.0,0.0,0.0,1,55,[55],0.956,concave,it2,avg
Class2,P2,Class2_it2_example_0084,9.0,0.008313284466713311,9.000003839482437,9.000003839482437,0.0,1.0,1.0,1,74,[65],0.956,concave,it2,avg
Class2,P2,Class2_it2_example_0085,0.0,0.0,0.0,0.0,1.0,0.0,0.0,1,58,[58],0.956,concave,it2,avg
Class2,P2,Class2_it2_example_0086,0.0,0.0,0.0,0.0,1.0,0.0,0.0,1,57,[57],0.956,concave,it2,avg
Class2,P2,Class2_it2_example_0087,1.0,0.000758700500624987,1.0000002878131833,1.0000002878131833,1.0,0.0,0.0,1,71,[70],0.956,concave,it2,avg
Class2,P2,Class2_it2_example_0088,0.0,0.0,0.0,0.0,1.0,0.0,0.0,1,63,[63],0.956,concave,it2,avg
Class2,P2,Class2_it2_example_0089,0.0,0.0,0.0,0.0,1.0,0.0,0.0,1,57,[57],0.956,concave,it2,avg
Class2,P2,Class2_it2_example_0090,0.0,0.0,0.0,0.0,1.0,0.0,0.0,1,63,[63],0.956,concave,it2,avg
Class2,P2,Class2_it2_example_0091,0.0,0.0,0.0,0.0,1.0,0.0,0.0,1,61,[61],0.956,concave,it2,avg
Class2,P2,Class2_it2_example_0092,0.0,0.0,0.0,0.0,1.0,0.0,0.0,1,61,[61],0.956,concave,it2,avg
Class2,P2,Class2_it2_example_0093,0.0,0.0,0.0,0.0,1.0,0.0,0.0,1,57,[57],0.956,concave,it2,avg
Class2,P2,Class2_it2_example_0094,0.0,0.0,0.0,0.0,1.0,0.0,0.0,1,59,[59],0.956,concave,it2,avg
Class2,P2,Class2_it2_example_0095,0.0,0.0,0.0,0.0,1.0,0.0,0.0,1,59,[59],0.956,concave,it2,avg
Class2,P2,Class2_it2_example_0096,0.0,0.0,0.0,0.0,1.0,0.0,0.0,1,58,[58],0.956,concave,it2,avg
Class2,P2,Class2_it2_example_0097,0.0,0.0,0.0,0.0,1.0,0.0,0.0,1,54,[54],0.956,concave,it2,avg
Class2,P2,Class2_it2_example_0098,0.0,0.0,0.0,0.0,1.0,0.0,0.0,1,62,[62],0.956,concave,it2,avg
Class2,P2,Class2_it2_example_0099,0.0,0.0,0.0,0.0,1.0,0.0,0.0,1,59,[59],0.956,concave,it2,avg
Class2,P2,Class2_it2_example_0100,2.0,0.0014488766664718655,2.00000052481083,2.00000052481083,1.0,0.0,0.0,1,64,[62],0.956,concave,it2,avg
Class2,P2,Class2_it2_example_0101,0.0,0.0,0.0,0.0,1.0,0.0,0.0,1,59,[59],0.956,concave,it2,avg
Class2,P2,Class2_it2_example_0102,0.0,0.0,0.0,0.0,1.0,0.0,0.0,1,57,[57],0.956,concave,it2,avg
Class2,P2,Class2_it2_example_0103,0.0,0.0,0.0,0.0,1.0,0.0,0.0,1,75,[75],0.956,concave,it2,avg
Class2,P2,Class2_it2_example_0104,0.0,0.0,0.0,0.0,1.0,0.0,0.0,1,63,[63],0.956,concave,it2,avg
Class2,P2,Class2_it2_example_0105,0.0,0.0,0.0,0.0,1.0,0.0,0.0,1,71,[71],0.956,concave,it2,avg
Class2,P2,Class2_it2_example_0106,0.0,0.0,0.0,0.0,1.0,0.0,0.0,1,52,[52],0.956,concave,it2,avg
Class2,P2,Class2_it2_example_0107,0.0,0.0,0.0,0.0,1.0,0.0,0.0,1,51,[51],0.956,concave,it2,avg
Class2,P2,Class2_it2_example_0108,0.0,0.0,0.0,0.0,1.0,0.0,0.0,1,63,[63],0.956,concave,it2,avg
Class2,P2,Class2_it2_example_0109,2.0,0.001726292805045937,2.0000007450215733,0.0,1.0,1.0,0.0,2,57,"[53, 57]",0.956,concave,it2,avg
Class2,P2,Class2_it2_example_0110,0.0,0.0,0.0,0.0,1.0,0.0,0.0,1,67,[67],0.956,concave,it2,avg
Class2,P2,Class2_it2_example_0111,2.5,0.0032951957192833836,2.5000021716620227,0.0,1.0,1.0,0.0,2,65,"[65, 70]",0.956,concave,it2,avg
Class2,P2,Class2_it2_example_0112,0.0,0.0,0.0,0.0,1.0,0.0,0.0,1,69,[69],0.956,concave,it2,avg
Class2,P2,Class2_it2_example_0113,0.0,0.0,0.0,0.0,1.0,0.0,0.0,1,60,[60],0.956,concave,it2,avg
Class2,P2,Class2_it2_example_0114,0.0,0.0,0.0,0.0,1.0,0.0,0.0,1,104,[104],0.956,concave,it2,avg
Class2,P2,Class2_it2_example_0115,0.0,0.0,0.0,0.0,1.0,0.0,0.0,1,69,[69],0.956,concave,it2,avg
Class2,P2,Class2_it2_example_0116,0.0,0.0,0.0,0.0,1.0,0.0,0.0,1,68,[68],0.956,concave,it2,avg
Class2,P2,Class2_it2_example_0117,0.0,0.0,0.0,0.0,1.0,0.0,0.0,1,65,[65],0.956,concave,it2,avg
Class2,P2,Class2_it2_example_0118,1.0,0.0006928213898867996,1.0000002400007104,1.0000002400007104,1.0,0.0,0.0,1,63,[62],0.956,concave,it2,avg
Class2,P2,Class2_it2_example_0119,0.0,0.0,0.0,0.0,1.0,0.0,0.0,1,77,[77],0.956,concave,it2,avg
Class2,P2,Class2_it2_example_0120,0.0,0.0,0.0,0.0,1.0,0.0,0.0,1,87,[87],0.956,concave,it2,avg
Class2,P2,Class2_it2_example_0121,0.0,0.0,0.0,0.0,1.0,0.0,0.0,1,74,[74],0.956,concave,it2,avg
Class2,P2,Class2_it2_example_0122,0.0,0.0,0.0,0.0,1.0,0.0,0.0,1,61,[61],0.956,concave,it2,avg
Class2,P2,Class2_it2_example_0123,0.0,0.0,0.0,0.0,1.0,0.0,0.0,1,64,[64],0.956,concave,it2,avg
Class2,P2,Class2_it2_example_0124,32.0,0.14680077075539166,32.00033672426424,32.00033672426424,0.0,1.0,1.0,1,55,[87],0.956,concave,it2,avg
Class2,P2,Class2_it2_example_0125,29.0,0.09157704692648427,29.000144591976152,29.000144591976152,0.0,1.0,1.0,1,59,[88],0.956,concave,it2,avg
Class2,P2,Class2_it2_example_0126,,,,,,,1.0,0,57,[],0.956,concave,it2,avg
Class2,P2,Class2_it2_example_0127,0.0,0.0,0.0,0.0,1.0,0.0,0.0,1,52,[52],0.956,concave,it2,avg
Class2,P2,Class2_it2_example_0128,0.0,0.0,0.0,0.0,1.0,0.0,0.0,1,53,[53],0.956,concave,it2,avg
Class2,P2,Class2_it2_example_0129,2.0,0.004195501824968584,2.0000044005540496,0.0,1.0,1.0,0.0,2,52,"[52, 56]",0.956,concave,it2,avg
Class2,P2,Class2_it2_example_0130,0.0,0.0,0.0,0.0,1.0,0.0,0.0,1,55,[55],0.956,concave,it2,avg
Class2,P2,Class2_it2_example_0131,0.0,0.0,0.0,0.0,1.0,0.0,0.0,1,53,[53],0.956,concave,it2,avg
Class2,P2,Class2_it2_example_0132,3.0,0.010874651572958194,3.0000197096097274,0.0,1.0,1.0,0.0,2,51,"[51, 57]",0.956,concave,it2,avg
Class2,P2,Class2_it2_example_0133,0.0,0.0,0.0,0.0,1.0,0.0,0.0,1,68,[68],0.956,concave,it2,avg
Class2,P2,Class2_it2_example_0134,0.0,0.0,0.0,0.0,1.0,0.0,0.0,1,69,[69],0.956,concave,it2,avg
Class2,P2,Class2_it2_example_0135,0.0,0.0,0.0,0.0,1.0,0.0,0.0,1,55,[55],0.956,concave,it2,avg
Class2,P2,Class2_it2_example_0136,0.0,0.0,0.0,0.0,1.0,0.0,0.0,1,60,[60],0.956,concave,it2,avg
Class2,P2,Class2_it2_example_0137,0.0,0.0,0.0,0.0,1.0,0.0,0.0,1,75,[75],0.956,concave,it2,avg
Class2,P2,Class2_it2_example_0138,0.0,0.0,0.0,0.0,1.0,0.0,0.0,1,63,[63],0.956,concave,it2,avg
Class2,P2,Class2_it2_example_0139,0.0,0.0,0.0,0.0,1.0,0.0,0.0,1,55,[55],0.956,concave,it2,avg
Class2,P2,Class2_it2_example_0140,0.0,0.0,0.0,0.0,1.0,0.0,0.0,1,56,[56],0.956,concave,it2,avg
Class2,P2,Class2_it2_example_0141,0.0,0.0,0.0,0.0,1.0,0.0,0.0,1,61,[61],0.956,concave,it2,avg
Class2,P2,Class2_it2_example_0142,0.0,0.0,0.0,0.0,1.0,0.0,0.0,1,62,[62],0.956,concave,it2,avg
Class2,P2,Class2_it2_example_0143,0.0,0.0,0.0,0.0,1.0,0.0,0.0,1,68,[68],0.956,concave,it2,avg
Class2,P2,Class2_it2_example_0144,0.0,0.0,0.0,0.0,1.0,0.0,0.0,1,55,[55],0.956,concave,it2,avg
Class2,P2,Class2_it2_example_0145,0.0,0.0,0.0,0.0,1.0,0.0,0.0,1,58,[58],0.956,concave,it2,avg
Class2,P2,Class2_it2_example_0146,0.0,0.0,0.0,0.0,1.0,0.0,0.0,1,62,[62],0.956,concave,it2,avg
Class2,P2,Class2_it2_example_0147,0.0,0.0,0.0,0.0,1.0,0.0,0.0,1,62,[62],0.956,concave,it2,avg
Class2,P2,Class2_it2_example_0148,0.0,0.0,0.0,0.0,1.0,0.0,0.0,1,64,[64],0.956,concave,it2,avg
Class2,P2,Class2_it2_example_0149,0.0,0.0,0.0,0.0,1.0,0.0,0.0,1,66,[66],0.956,concave,it2,avg
Class2,P2,Class2_it2_example_0150,0.0,0.0,0.0,0.0,1.0,0.0,0.0,1,68,[68],0.956,concave,it2,avg
Class2,P2,Class2_it2_example_0151,0.0,0.0,0.0,0.0,1.0,0.0,0.0,1,63,[63],0.956,concave,it2,avg
Class2,P2,Class2_it2_example_0152,1.0,4.965048933580629e-05,1.0000000012325856,1.0000000012325856,1.0,0.0,0.0,1,67,[68],0.956,concave,it2,avg
Class2,P2,Class2_it2_example_0153,0.0,0.0,0.0,0.0,1.0,0.0,0.0,1,66,[66],0.956,concave,it2,avg
Class2,P2,Class2_it2_example_0154,2.5,0.00462864796680279,2.500004284872728,0.0,1.0,1.0,0.0,2,69,"[64, 69]",0.956,concave,it2,avg
Class2,P2,Class2_it2_example_0155,0.0,0.0,0.0,0.0,1.0,0.0,0.0,1,68,[68],0.956,concave,it2,avg
Class2,P2,Class2_it2_example_0156,1.0,0.0013882851875194335,1.0000009636674165,1.0000009636674165,1.0,0.0,0.0,1,69,[70],0.956,concave,it2,avg
Class2,P2,Class2_it2_example_0157,0.0,0.0,0.0,0.0,1.0,0.0,0.0,1,70,[70],0.956,concave,it2,avg
Class2,P2,Class2_it2_example_0158,0.0,0.0,0.0,0.0,1.0,0.0,0.0,1,73,[73],0.956,concave,it2,avg
Class2,P2,Class2_it2_example_0159,0.0,0.0,0.0,0.0,1.0,0.0,0.0,1,58,[58],0.956,concave,it2,avg
Class2,P2,Class2_it2_example_0160,0.0,0.0,0.0,0.0,1.0,0.0,0.0,1,64,[64],0.956,concave,it2,avg
Class2,P2,Class2_it2_example_0161,0.0,0.0,0.0,0.0,1.0,0.0,0.0,1,48,[48],0.956,concave,it2,avg
Class2,P2,Class2_it2_example_0162,2.0,0.0015109326344625584,2.000000570729275,2.000000570729275,1.0,0.0,0.0,1,50,[48],0.956,concave,it2,avg
Class2,P2,Class2_it2_example_0163,3.0,0.005630263623069065,3.0000052833067588,3.0000052833067588,1.0,0.0,0.0,1,54,[51],0.956,concave,it2,avg
Class2,P2,Class2_it2_example_0164,22.0,0.08420089611342074,22.000161131021436,22.000161131021436,0.0,1.0,1.0,1,48,[70],0.956,concave,it2,avg
Class2,P2,Class2_it2_example_0165,1.5,0.0019045845355976088,1.5000015735550558,1.0000025436390518,1.0,0.0,0.0,2,72,"[71, 74]",0.956,concave,it2,avg
Class2,P2,Class2_it2_example_0166,1.0,2.63399683363974e-05,1.000000000346897,0.0,1.0,0.0,0.0,2,72,"[70, 72]",0.956,concave,it2,avg
Class2,P2,Class2_it2_example_0167,0.0,0.0,0.0,0.0,1.0,0.0,0.0,1,67,[67],0.956,concave,it2,avg
Class2,P2,Class2_it2_example_0168,1.0,0.0008624521015904163,1.0000003719117447,1.0000003719117447,1.0,0.0,0.0,1,73,[72],0.956,concave,it2,avg
Class2,P2,Class2_it2_example_0169,1.0,0.0005122654852933728,1.0000001312079552,1.0000001312079552,1.0,0.0,0.0,1,78,[77],0.956,concave,it2,avg
Class2,P2,Class2_it2_example_0170,0.0,0.0,0.0,0.0,1.0,0.0,0.0,1,70,[70],0.956,concave,it2,avg
Class2,P2,Class2_it2_example_0171,0.0,0.0,0.0,0.0,1.0,0.0,0.0,1,70,[70],0.956,concave,it2,avg
Class2,P2,Class2_it2_example_0172,0.0,0.0,0.0,0.0,1.0,0.0,0.0,1,72,[72],0.956,concave,it2,avg
Class2,P2,Class2_it2_example_0173,0.0,0.0,0.0,0.0,1.0,0.0,0.0,1,68,[68],0.956,concave,it2,avg
Class2,P2,Class2_it2_example_0174,1.0,0.0004831435337148138,1.0000001167138302,1.0000001167138302,1.0,0.0,0.0,1,70,[69],0.956,concave,it2,avg
Class2,P2,Class2_it2_example_0175,0.0,0.0,0.0,0.0,1.0,0.0,0.0,1,68,[68],0.956,concave,it2,avg
Class2,P2,Class2_it2_example_0176,0.0,0.0,0.0,0.0,1.0,0.0,0.0,1,74,[74],0.956,concave,it2,avg
Class2,P2,Class2_it2_example_0177,0.0,0.0,0.0,0.0,1.0,0.0,0.0,1,56,[56],0.956,concave,it2,avg
Class2,P2,Class2_it2_example_0178,0.0,0.0,0.0,0.0,1.0,0.0,0.0,1,56,[56],0.956,concave,it2,avg
Class2,P2,Class2_it2_example_0179,0.0,0.0,0.0,0.0,1.0,0.0,0.0,1,74,[74],0.956,concave,it2,avg
Class2,P2,Class2_it2_example_0180,0.0,0.0,0.0,0.0,1.0,0.0,0.0,1,59,[59],0.956,concave,it2,avg
Class2,P2,Class2_it2_example_0181,1.0,0.0019314367666902754,1.0000018652222522,1.0000018652222522,1.0,0.0,0.0,1,78,[77],0.956,concave,it2,avg
Class2,P2,Class2_it2_example_0182,0.0,0.0,0.0,0.0,1.0,0.0,0.0,1,84,[84],0.956,concave,it2,avg
Class2,P2,Class2_it2_example_0183,0.0,0.0,0.0,0.0,1.0,0.0,0.0,1,85,[85],0.956,concave,it2,avg
Class2,P2,Class2_it2_example_0184,0.0,0.0,0.0,0.0,1.0,0.0,0.0,1,51,[51],0.956,concave,it2,avg
Class2,P2,Class2_it2_example_0185,0.0,0.0,0.0,0.0,1.0,0.0,0.0,1,49,[49],0.956,concave,it2,avg
Class2,P2,Class2_it2_example_0186,0.0,0.0,0.0,0.0,1.0,0.0,0.0,1,43,[43],0.956,concave,it2,avg
Class2,P2,Class2_it2_example_0187,1.0,0.0005094720679343911,1.0000001297808856,1.0000001297808856,1.0,0.0,0.0,1,39,[40],0.956,concave,it2,avg
Class2,P2,Class2_it2_example_0188,1.0,0.0018530638226740281,1.0000017169212916,1.0000017169212916,1.0,0.0,0.0,1,44,[43],0.956,concave,it2,avg
Class2,P2,Class2_it2_example_0189,0.0,0.0,0.0,0.0,1.0,0.0,0.0,1,44,[44],0.956,concave,it2,avg
Class2,P2,Class2_it2_example_0190,0.0,0.0,0.0,0.0,1.0,0.0,0.0,1,43,[43],0.956,concave,it2,avg
Class2,P2,Class2_it2_example_0191,0.0,0.0,0.0,0.0,1.0,0.0,0.0,1,57,[57],0.956,concave,it2,avg
Class2,P2,Class2_it2_example_0192,0.0,0.0,0.0,0.0,1.0,0.0,0.0,1,81,[81],0.956,concave,it2,avg
Class2,P2,Class2_it2_example_0193,0.0,0.0,0.0,0.0,1.0,0.0,0.0,1,65,[65],0.956,concave,it2,avg
Class2,P2,Class2_it2_example_0194,0.0,0.0,0.0,0.0,1.0,0.0,0.0,1,59,[59],0.956,concave,it2,avg
Class2,P2,Class2_it2_example_0195,0.0,0.0,0.0,0.0,1.0,0.0,0.0,1,64,[64],0.956,concave,it2,avg
Class2,P2,Class2_it2_example_0196,0.0,0.0,0.0,0.0,1.0,0.0,0.0,1,59,[59],0.956,concave,it2,avg
Class2,P2,Class2_it2_example_0197,0.0,0.0,0.0,0.0,1.0,0.0,0.0,1,54,[54],0.956,concave,it2,avg
Class2,P2,Class2_it2_example_0198,8.0,0.00018987450597329758,8.00000000225327,0.0,1.0,1.0,0.0,2,47,"[47, 63]",0.956,concave,it2,avg
Class2,P2,Class2_it2_example_0199,0.0,0.0,0.0,0.0,1.0,0.0,0.0,1,56,[56],0.956,concave,it2,avg
Class2,P2,Class2_it2_example_0200,0.0,0.0,0.0,0.0,1.0,0.0,0.0,1,58,[58],0.956,concave,it2,avg
Class2,P2,Class2_it2_example_0201,0.0,0.0,0.0,0.0,1.0,0.0,0.0,1,58,[58],0.956,concave,it2,avg
Class2,P2,Class2_it2_example_0202,0.0,0.0,0.0,0.0,1.0,0.0,0.0,1,45,[45],0.956,concave,it2,avg
Class2,P2,Class2_it2_example_0203,0.0,0.0,0.0,0.0,1.0,0.0,0.0,1,64,[64],0.956,concave,it2,avg
Class2,P2,Class2_it2_example_0204,1.0,0.0018828061625778547,1.0000017724779522,1.0000017724779522,1.0,0.0,0.0,1,66,[65],0.956,concave,it2,avg
Class2,P2,Class2_it2_example_0205,0.0,0.0,0.0,0.0,1.0,0.0,0.0,1,69,[69],0.956,concave,it2,avg
Class2,P2,Class2_it2_example_0206,0.0,0.0,0.0,0.0,1.0,0.0,0.0,1,65,[65],0.956,concave,it2,avg
Class2,P2,Class2_it2_example_0207,1.0,0.0014131130243092427,1.0000009984437113,1.0000009984437113,1.0,0.0,0.0,1,69,[68],0.956,concave,it2,avg
Class2,P2,Class2_it2_example_0208,0.0,0.0,0.0,0.0,1.0,0.0,0.0,1,63,[63],0.956,concave,it2,avg
Class2,P2,Class2_it2_example_0209,0.0,0.0,0.0,0.0,1.0,0.0,0.0,1,63,[63],0.956,concave,it2,avg
Class2,P2,Class2_it2_example_0210,0.0,0.0,0.0,0.0,1.0,0.0,0.0,1,66,[66],0.956,concave,it2,avg
Class2,P2,Class2_it2_example_0211,2.0,0.003534020759179246,2.0000031223232444,0.0,1.0,1.0,0.0,2,62,"[58, 62]",0.956,concave,it2,avg
Class2,P2,Class2_it2_example_0212,0.0,0.0,0.0,0.0,1.0,0.0,0.0,1,55,[55],0.956,concave,it2,avg
Class2,P2,Class2_it2_example_0213,0.0,0.0,0.0,0.0,1.0,0.0,0.0,1,52,[52],0.956,concave,it2,avg
Class2,P2,Class2_it2_example_0214,3.5,0.03348312511512935,3.5001601562882056,0.0,1.0,1.0,0.0,2,56,"[49, 56]",0.956,concave,it2,avg
Class2,P2,Class2_it2_example_0215,0.0,0.0,0.0,0.0,1.0,0.0,0.0,1,57,[57],0.956,concave,it2,avg
Class2,P2,Class2_it2_example_0216,0.0,0.0,0.0,0.0,1.0,0.0,0.0,1,53,[53],0.956,concave,it2,avg
Class2,P2,Class2_it2_example_0217,3.0,0.001252671012867801,3.0000002615307664,0.0,1.0,1.0,0.0,2,54,"[54, 60]",0.956,concave,it2,avg
Class2,P2,Class2_it2_example_0218,,,,,,,1.0,0,39,[],0.956,concave,it2,avg
Class2,P2,Class2_it2_example_0219,,,,,,,1.0,0,77,[],0.956,concave,it2,avg
Class2,P2,Class2_it2_example_0220,,,,,,,1.0,0,81,[],0.956,concave,it2,avg
Class2,P2,Class2_it2_example_0221,18.0,0.12261339844859132,18.000417607530085,18.000417607530085,0.0,1.0,1.0,1,46,[64],0.956,concave,it2,avg
Class2,P2,Class2_it2_example_0222,2.0,0.003949667665423373,2.0000038999648644,2.0000038999648644,1.0,0.0,0.0,1,45,[47],0.956,concave,it2,avg
Class2,P2,Class2_it2_example_0223,2.0,0.0003940775136311303,2.0000000388242714,0.0,1.0,1.0,0.0,2,47,"[43, 47]",0.956,concave,it2,avg
Class2,P2,Class2_it2_example_0224,1.5,0.0016690674938562022,1.5000009285951457,0.0,1.0,0.0,0.0,2,44,"[44, 47]",0.956,concave,it2,avg
Class2,P2,Class2_it2_example_0225,4.0,0.005975103511795199,4.000004462730257,4.000004462730257,0.0,1.0,1.0,1,43,[47],0.956,concave,it2,avg
Class2,P2,Class2_it2_example_0226,0.0,0.0,0.0,0.0,1.0,0.0,0.0,1,41,[41],0.956,concave,it2,avg
Class2,P2,Class2_it2_example_0227,0.0,0.0,0.0,0.0,1.0,0.0,0.0,1,68,[68],0.956,concave,it2,avg
Class2,P2,Class2_it2_example_0228,3.5,0.001691700961680087,3.5000004088359966,0.0,1.0,1.0,0.0,2,63,"[63, 70]",0.956,concave,it2,avg
Class2,P2,Class2_it2_example_0229,3.0,0.0013289479672717874,3.0000002943504356,0.0,1.0,1.0,0.0,2,65,"[59, 65]",0.956,concave,it2,avg
Class2,P2,Class2_it2_example_0230,1.0,0.00031483680939581316,1.000000049561107,1.000000049561107,1.0,0.0,0.0,1,53,[52],0.956,concave,it2,avg
Class2,P2,Class2_it2_example_0231,0.0,0.0,0.0,0.0,1.0,0.0,0.0,1,53,[53],0.956,concave,it2,avg
Class2,P2,Class2_it2_example_0232,0.0,0.0,0.0,0.0,1.0,0.0,0.0,1,51,[51],0.956,concave,it2,avg
Class2,P2,Class2_it2_example_0233,0.0,0.0,0.0,0.0,1.0,0.0,0.0,1,51,[51],0.956,concave,it2,avg
Class2,P2,Class2_it2_example_0234,0.0,0.0,0.0,0.0,1.0,0.0,0.0,1,50,[50],0.956,concave,it2,avg
Class2,P2,Class2_it2_example_0235,0.0,0.0,0.0,0.0,1.0,0.0,0.0,1,47,[47],0.956,concave,it2,avg
Class2,P2,Class2_it2_example_0236,0.0,0.0,0.0,0.0,1.0,0.0,0.0,1,46,[46],0.956,concave,it2,avg
Class2,P2,Class2_it2_example_0237,0.0,0.0,0.0,0.0,1.0,0.0,0.0,1,53,[53],0.956,concave,it2,avg
Class2,P2,Class2_it2_example_0238,,,,,,,1.0,0,55,[],0.956,concave,it2,avg
Class2,P2,Class2_it2_example_0239,,,,,,,1.0,0,59,[],0.956,concave,it2,avg
Class2,P2,Class2_it2_example_0240,0.0,0.0,0.0,0.0,1.0,0.0,0.0,1,52,[52],0.956,concave,it2,avg
Class2,P2,Class2_it2_example_0241,1.0,0.00028948244462700945,1.000000041900042,1.000000041900042,1.0,0.0,0.0,1,56,[57],0.956,concave,it2,avg
Class2,P2,Class2_it2_example_0242,0.0,0.0,0.0,0.0,1.0,0.0,0.0,1,70,[70],0.956,concave,it2,avg
Class2,P2,Class2_it2_example_0243,0.0,0.0,0.0,0.0,1.0,0.0,0.0,1,76,[76],0.956,concave,it2,avg
Class2,P2,Class2_it2_example_0244,1.0,0.00012353398316777842,1.0000000076303224,1.0000000076303224,1.0,0.0,0.0,1,58,[57],0.956,concave,it2,avg
Class2,P2,Class2_it2_example_0245,0.0,0.0,0.0,0.0,1.0,0.0,0.0,1,79,[79],0.956,concave,it2,avg
Class2,P2,Class2_it2_example_0246,0.0,0.0,0.0,0.0,1.0,0.0,0.0,1,56,[56],0.956,concave,it2,avg
Class2,P2,Class2_it2_example_0247,0.0,0.0,0.0,0.0,1.0,0.0,0.0,1,61,[61],0.956,concave,it2,avg
Class2,P2,Class2_it2_example_0248,2.0,0.0019399614578643476,2.0000009408623933,2.0000009408623933,1.0,0.0,0.0,1,61,[63],0.956,concave,it2,avg
Class2,P2,Class2_it2_example_0249,,,,,,,1.0,0,42,[],0.956,concave,it2,avg
Class2,P2,Class2_it2_example_0250,,,,,,,1.0,0,56,[],0.956,concave,it2,avg
Class3,P2,Class3_it2_example_0001,0.0,0.0,0.0,0.0,1.0,0.0,0.0,1,64,[64],0.964,concave,it2,avg
Class3,P2,Class3_it2_example_0002,0.0,0.0,0.0,0.0,1.0,0.0,0.0,1,59,[59],0.964,concave,it2,avg
Class3,P2,Class3_it2_example_0003,0.0,0.0,0.0,0.0,1.0,0.0,0.0,1,61,[61],0.964,concave,it2,avg
Class3,P2,Class3_it2_example_0004,0.0,0.0,0.0,0.0,1.0,0.0,0.0,1,56,[56],0.964,concave,it2,avg
Class3,P2,Class3_it2_example_0005,0.0,0.0,0.0,0.0,1.0,0.0,0.0,1,55,[55],0.964,concave,it2,avg
Class3,P2,Class3_it2_example_0006,1.0,0.0015399941846547804,1.0000011857903413,1.0000011857903413,1.0,0.0,0.0,1,70,[69],0.964,concave,it2,avg
Class3,P2,Class3_it2_example_0007,0.0,0.0,0.0,0.0,1.0,0.0,0.0,1,62,[62],0.964,concave,it2,avg
Class3,P2,Class3_it2_example_0008,0.0,0.0,0.0,0.0,1.0,0.0,0.0,1,60,[60],0.964,concave,it2,avg
Class3,P2,Class3_it2_example_0009,0.0,0.0,0.0,0.0,1.0,0.0,0.0,1,60,[60],0.964,concave,it2,avg
Class3,P2,Class3_it2_example_0010,0.0,0.0,0.0,0.0,1.0,0.0,0.0,1,59,[59],0.964,concave,it2,avg
Class3,P2,Class3_it2_example_0011,0.0,0.0,0.0,0.0,1.0,0.0,0.0,1,59,[59],0.964,concave,it2,avg
Class3,P2,Class3_it2_example_0012,0.0,0.0,0.0,0.0,1.0,0.0,0.0,1,65,[65],0.964,concave,it2,avg
Class3,P2,Class3_it2_example_0013,0.0,0.0,0.0,0.0,1.0,0.0,0.0,1,65,[65],0.964,concave,it2,avg
Class3,P2,Class3_it2_example_0014,0.0,0.0,0.0,0.0,1.0,0.0,0.0,1,62,[62],0.964,concave,it2,avg
Class3,P2,Class3_it2_example_0015,1.0,0.0021418109386006634,1.000002293674418,1.000002293674418,1.0,0.0,0.0,1,70,[69],0.964,concave,it2,avg
Class3,P2,Class3_it2_example_0016,21.5,0.003189500550190738,21.500000297740293,20.00000052549329,0.0,2.0,1.0,2,42,"[62, 65]",0.964,concave,it2,avg
Class3,P2,Class3_it2_example_0017,20.0,0.010668812941431627,20.000002845589037,20.000002845589037,0.0,1.0,1.0,1,47,[67],0.964,concave,it2,avg
Class3,P2,Class3_it2_example_0018,0.0,0.0,0.0,0.0,1.0,0.0,0.0,1,52,[52],0.964,concave,it2,avg
Class3,P2,Class3_it2_example_0019,0.0,0.0,0.0,0.0,1.0,0.0,0.0,1,57,[57],0.964,concave,it2,avg
Class3,P2,Class3_it2_example_0020,24.0,0.014568888936786983,24.000004421927194,24.000004421927194,0.0,1.0,1.0,1,46,[70],0.964,concave,it2,avg
Class3,P2,Class3_it2_example_0021,19.0,0.051203597773822995,19.000072127746932,17.000094436046567,0.0,2.0,1.0,2,42,"[59, 63]",0.964,concave,it2,avg
Class3,P2,Class3_it2_example_0022,26.0,0.01251731731607758,26.000003696162793,23.00000057728861,0.0,2.0,1.0,2,45,"[68, 74]",0.964,concave,it2,avg
Class3,P2,Class3_it2_example_0023,0.0,0.0,0.0,0.0,1.0,0.0,0.0,1,69,[69],0.964,concave,it2,avg
Class3,P2,Class3_it2_example_0024,1.0,0.0007700694292456234,1.000000296503419,1.000000296503419,1.0,0.0,0.0,1,73,[72],0.964,concave,it2,avg
Class3,P2,Class3_it2_example_0025,0.0,0.0,0.0,0.0,1.0,0.0,0.0,1,67,[67],0.964,concave,it2,avg
Class3,P2,Class3_it2_example_0026,0.0,0.0,0.0,0.0,1.0,0.0,0.0,1,74,[74],0.964,concave,it2,avg
Class3,P2,Class3_it2_example_0027,0.0,0.0,0.0,0.0,1.0,0.0,0.0,1,58,[58],0.964,concave,it2,avg
Class3,P2,Class3_it2_example_0028,0.0,0.0,0.0,0.0,1.0,0.0,0.0,1,63,[63],0.964,concave,it2,avg
Class3,P2,Class3_it2_example_0029,0.0,0.0,0.0,0.0,1.0,0.0,0.0,1,60,[60],0.964,concave,it2,avg
Class3,P2,Class3_it2_example_0030,0.0,0.0,0.0,0.0,1.0,0.0,0.0,1,59,[59],0.964,concave,it2,avg
Class3,P2,Class3_it2_example_0031,0.0,0.0,0.0,0.0,1.0,0.0,0.0,1,61,[61],0.964,concave,it2,avg
Class3,P2,Class3_it2_example_0032,0.0,0.0,0.0,0.0,1.0,0.0,0.0,1,64,[64],0.964,concave,it2,avg
Class3,P2,Class3_it2_example_0033,0.0,0.0,0.0,0.0,1.0,0.0,0.0,1,64,[64],0.964,concave,it2,avg
Class3,P2,Class3_it2_example_0034,0.0,0.0,0.0,0.0,1.0,0.0,0.0,1,75,[75],0.964,concave,it2,avg
Class3,P2,Class3_it2_example_0035,0.0,0.0,0.0,0.0,1.0,0.0,0.0,1,65,[65],0.964,concave,it2,avg
Class3,P2,Class3_it2_example_0036,0.0,0.0,0.0,0.0,1.0,0.0,0.0,1,62,[62],0.964,concave,it2,avg
Class3,P2,Class3_it2_example_0037,0.0,0.0,0.0,0.0,1.0,0.0,0.0,1,66,[66],0.964,concave,it2,avg
Class3,P2,Class3_it2_example_0038,0.0,0.0,0.0,0.0,1.0,0.0,0.0,1,60,[60],0.964,concave,it2,avg
Class3,P2,Class3_it2_example_0039,0.0,0.0,0.0,0.0,1.0,0.0,0.0,1,53,[53],0.964,concave,it2,avg
Class3,P2,Class3_it2_example_0040,0.0,0.0,0.0,0.0,1.0,0.0,0.0,1,58,[58],0.964,concave,it2,avg
Class3,P2,Class3_it2_example_0041,0.0,0.0,0.0,0.0,1.0,0.0,0.0,1,59,[59],0.964,concave,it2,avg
Class3,P2,Class3_it2_example_0042,0.0,0.0,0.0,0.0,1.0,0.0,0.0,1,62,[62],0.964,concave,it2,avg
Class3,P2,Class3_it2_example_0043,0.0,0.0,0.0,0.0,1.0,0.0,0.0,1,50,[50],0.964,concave,it2,avg
Class3,P2,Class3_it2_example_0044,0.0,0.0,0.0,0.0,1.0,0.0,0.0,1,51,[51],0.964,concave,it2,avg
Class3,P2,Class3_it2_example_0045,2.5,0.005516934251841965,2.5000060873052967,0.0,1.0,1.0,0.0,2,56,"[56, 61]",0.964,concave,it2,avg
Class3,P2,Class3_it2_example_0046,0.0,0.0,0.0,0.0,1.0,0.0,0.0,1,55,[55],0.964,concave,it2,avg
Class3,P2,Class3_it2_example_0047,0.0,0.0,0.0,0.0,1.0,0.0,0.0,1,53,[53],0.964,concave,it2,avg
Class3,P2,Class3_it2_example_0048,0.0,0.0,0.0,0.0,1.0,0.0,0.0,1,56,[56],0.964,concave,it2,avg
Class3,P2,Class3_it2_example_0049,0.0,0.0,0.0,0.0,1.0,0.0,0.0,1,52,[52],0.964,concave,it2,avg
Class3,P2,Class3_it2_example_0050,0.0,0.0,0.0,0.0,1.0,0.0,0.0,1,57,[57],0.964,concave,it2,avg
Class3,P2,Class3_it2_example_0051,0.0,0.0,0.0,0.0,1.0,0.0,0.0,1,57,[57],0.964,concave,it2,avg
Class3,P2,Class3_it2_example_0052,0.0,0.0,0.0,0.0,1.0,0.0,0.0,1,53,[53],0.964,concave,it2,avg
Class3,P2,Class3_it2_example_0053,21.0,0.028501899816340437,21.000019341855214,21.000019341855214,0.0,1.0,1.0,1,53,[74],0.964,concave,it2,avg
Class3,P2,Class3_it2_example_0054,0.0,0.0,0.0,0.0,1.0,0.0,0.0,1,58,[58],0.964,concave,it2,avg
Class3,P2,Class3_it2_example_0055,0.0,0.0,0.0,0.0,1.0,0.0,0.0,1,69,[69],0.964,concave,it2,avg
Class3,P2,Class3_it2_example_0056,0.0,0.0,0.0,0.0,1.0,0.0,0.0,1,75,[75],0.964,concave,it2,avg
Class3,P2,Class3_it2_example_0057,0.0,0.0,0.0,0.0,1.0,0.0,0.0,1,73,[73],0.964,concave,it2,avg
Class3,P2,Class3_it2_example_0058,0.0,0.0,0.0,0.0,1.0,0.0,0.0,1,73,[73],0.964,concave,it2,avg
Class3,P2,Class3_it2_example_0059,0.0,0.0,0.0,0.0,1.0,0.0,0.0,1,71,[71],0.964,concave,it2,avg
Class3,P2,Class3_it2_example_0060,0.0,0.0,0.0,0.0,1.0,0.0,0.0,1,68,[68],0.964,concave,it2,avg
Class3,P2,Class3_it2_example_0061,0.0,0.0,0.0,0.0,1.0,0.0,0.0,1,61,[61],0.964,concave,it2,avg
Class3,P2,Class3_it2_example_0062,0.0,0.0,0.0,0.0,1.0,0.0,0.0,1,62,[62],0.964,concave,it2,avg
Class3,P2,Class3_it2_example_0063,0.0,0.0,0.0,0.0,1.0,0.0,0.0,1,60,[60],0.964,concave,it2,avg
Class3,P2,Class3_it2_example_0064,0.0,0.0,0.0,0.0,1.0,0.0,0.0,1,61,[61],0.964,concave,it2,avg
Class3,P2,Class3_it2_example_0065,0.0,0.0,0.0,0.0,1.0,0.0,0.0,1,63,[63],0.964,concave,it2,avg
Class3,P2,Class3_it2_example_0066,2.5,0.0038351066805050182,2.5000029416069194,0.0,1.0,1.0,0.0,2,61,"[61, 66]",0.964,concave,it2,avg
Class3,P2,Class3_it2_example_0067,1.0,0.0004041659931682262,1.0000000816750716,0.0,1.0,0.0,0.0,2,67,"[65, 67]",0.964,concave,it2,avg
Class3,P2,Class3_it2_example_0068,0.0,0.0,0.0,0.0,1.0,0.0,0.0,1,63,[63],0.964,concave,it2,avg
Class3,P2,Class3_it2_example_0069,0.0,0.0,0.0,0.0,1.0,0.0,0.0,1,60,[60],0.964,concave,it2,avg
Class3,P2,Class3_it2_example_0070,0.0,0.0,0.0,0.0,1.0,0.0,0.0,1,65,[65],0.964,concave,it2,avg
Class3,P2,Class3_it2_example_0071,0.0,0.0,0.0,0.0,1.0,0.0,0.0,1,60,[60],0.964,concave,it2,avg
Class3,P2,Class3_it2_example_0072,0.0,0.0,0.0,0.0,1.0,0.0,0.0,1,59,[59],0.964,concave,it2,avg
Class3,P2,Class3_it2_example_0073,0.0,0.0,0.0,0.0,1.0,0.0,0.0,1,59,[59],0.964,concave,it2,avg
Class3,P2,Class3_it2_example_0074,0.0,0.0,0.0,0.0,1.0,0.0,0.0,1,59,[59],0.964,concave,it2,avg
Class3,P2,Class3_it2_example_0075,0.0,0.0,0.0,0.0,1.0,0.0,0.0,1,56,[56],0.964,concave,it2,avg
Class3,P2,Class3_it2_example_0076,0.0,0.0,0.0,0.0,1.0,0.0,0.0,1,62,[62],0.964,concave,it2,avg
Class3,P2,Class3_it2_example_0077,0.0,0.0,0.0,0.0,1.0,0.0,0.0,1,57,[57],0.964,concave,it2,avg
Class3,P2,Class3_it2_example_0078,2.0,0.005636486147214126,2.000007942478251,0.0,1.0,1.0,0.0,2,60,"[60, 64]",0.964,concave,it2,avg
Class3,P2,Class3_it2_example_0079,0.0,0.0,0.0,0.0,1.0,0.0,0.0,1,66,[66],0.964,concave,it2,avg
Class3,P2,Class3_it2_example_0080,0.0,0.0,0.0,0.0,1.0,0.0,0.0,1,62,[62],0.964,concave,it2,avg
Class3,P2,Class3_it2_example_0081,0.0,0.0,0.0,0.0,1.0,0.0,0.0,1,64,[64],0.964,concave,it2,avg
Class3,P2,Class3_it2_example_0082,0.0,0.0,0.0,0.0,1.0,0.0,0.0,1,63,[63],0.964,concave,it2,avg
Class3,P2,Class3_it2_example_0083,0.0,0.0,0.0,0.0,1.0,0.0,0.0,1,67,[67],0.964,concave,it2,avg
Class3,P2,Class3_it2_example_0084,0.0,0.0,0.0,0.0,1.0,0.0,0.0,1,67,[67],0.964,concave,it2,avg
Class3,P2,Class3_it2_example_0085,0.0,0.0,0.0,0.0,1.0,0.0,0.0,1,57,[57],0.964,concave,it2,avg
Class3,P2,Class3_it2_example_0086,0.0,0.0,0.0,0.0,1.0,0.0,0.0,1,54,[54],0.964,concave,it2,avg
Class3,P2,Class3_it2_example_0087,0.0,0.0,0.0,0.0,1.0,0.0,0.0,1,72,[72],0.964,concave,it2,avg
Class3,P2,Class3_it2_example_0088,3.0,0.0077790161605016395,3.0000100854984515,0.0,1.0,1.0,0.0,2,66,"[66, 72]",0.964,concave,it2,avg
Class3,P2,Class3_it2_example_0089,0.0,0.0,0.0,0.0,1.0,0.0,0.0,1,67,[67],0.964,concave,it2,avg
Class3,P2,Class3_it2_example_0090,0.0,0.0,0.0,0.0,1.0,0.0,0.0,1,68,[68],0.964,concave,it2,avg
Class3,P2,Class3_it2_example_0091,0.0,0.0,0.0,0.0,1.0,0.0,0.0,1,62,[62],0.964,concave,it2,avg
Class3,P2,Class3_it2_example_0092,3.0,0.001497762906921496,3.0000003738822643,0.0,1.0,1.0,0.0,2,64,"[58, 64]",0.964,concave,it2,avg
Class3,P2,Class3_it2_example_0093,0.0,0.0,0.0,0.0,1.0,0.0,0.0,1,72,[72],0.964,concave,it2,avg
Class3,P2,Class3_it2_example_0094,0.0,0.0,0.0,0.0,1.0,0.0,0.0,1,71,[71],0.964,concave,it2,avg
Class3,P2,Class3_it2_example_0095,0.0,0.0,0.0,0.0,1.0,0.0,0.0,1,64,[64],0.964,concave,it2,avg
Class3,P2,Class3_it2_example_0096,0.0,0.0,0.0,0.0,1.0,0.0,0.0,1,66,[66],0.964,concave,it2,avg
Class3,P2,Class3_it2_example_0097,0.0,0.0,0.0,0.0,1.0,0.0,0.0,1,63,[63],0.964,concave,it2,avg
Class3,P2,Class3_it2_example_0098,0.0,0.0,0.0,0.0,1.0,0.0,0.0,1,50,[50],0.964,concave,it2,avg
Class3,P2,Class3_it2_example_0099,0.0,0.0,0.0,0.0,1.0,0.0,0.0,1,49,[49],0.964,concave,it2,avg
Class3,P2,Class3_it2_example_0100,1.5,0.0012439534308166245,1.500000515806624,0.0,1.0,0.0,0.0,2,51,"[51, 54]",0.964,concave,it2,avg
Class3,P2,Class3_it2_example_0101,0.0,0.0,0.0,0.0,1.0,0.0,0.0,1,63,[63],0.964,concave,it2,avg
Class3,P2,Class3_it2_example_0102,0.0,0.0,0.0,0.0,1.0,0.0,0.0,1,51,[51],0.964,concave,it2,avg
Class3,P2,Class3_it2_example_0103,0.0,0.0,0.0,0.0,1.0,0.0,0.0,1,50,[50],0.964,concave,it2,avg
Class3,P2,Class3_it2_example_0104,0.0,0.0,0.0,0.0,1.0,0.0,0.0,1,45,[45],0.964,concave,it2,avg
Class3,P2,Class3_it2_example_0105,0.0,0.0,0.0,0.0,1.0,0.0,0.0,1,54,[54],0.964,concave,it2,avg
Class3,P2,Class3_it2_example_0106,0.0,0.0,0.0,0.0,1.0,0.0,0.0,1,45,[45],0.964,concave,it2,avg
Class3,P2,Class3_it2_example_0107,0.0,0.0,0.0,0.0,1.0,0.0,0.0,1,61,[61],0.964,concave,it2,avg
Class3,P2,Class3_it2_example_0108,0.0,0.0,0.0,0.0,1.0,0.0,0.0,1,70,[70],0.964,concave,it2,avg
Class3,P2,Class3_it2_example_0109,0.0,0.0,0.0,0.0,1.0,0.0,0.0,1,70,[70],0.964,concave,it2,avg
Class3,P2,Class3_it2_example_0110,2.5,2.9593614400802437e-05,2.5000000001751563,0.0,1.0,1.0,0.0,2,73,"[68, 73]",0.964,concave,it2,avg
Class3,P2,Class3_it2_example_0111,0.0,0.0,0.0,0.0,1.0,0.0,0.0,1,64,[64],0.964,concave,it2,avg
Class3,P2,Class3_it2_example_0112,0.0,0.0,0.0,0.0,1.0,0.0,0.0,1,68,[68],0.964,concave,it2,avg
Class3,P2,Class3_it2_example_0113,0.0,0.0,0.0,0.0,1.0,0.0,0.0,1,57,[57],0.964,concave,it2,avg
Class3,P2,Class3_it2_example_0114,0.0,0.0,0.0,0.0,1.0,0.0,0.0,1,62,[62],0.964,concave,it2,avg
Class3,P2,Class3_it2_example_0115,0.0,0.0,0.0,0.0,1.0,0.0,0.0,1,57,[57],0.964,concave,it2,avg
Class3,P2,Class3_it2_example_0116,0.0,0.0,0.0,0.0,1.0,0.0,0.0,1,55,[55],0.964,concave,it2,avg
Class3,P2,Class3_it2_example_0117,0.0,0.0,0.0,0.0,1.0,0.0,0.0,1,61,[61],0.964,concave,it2,avg
Class3,P2,Class3_it2_example_0118,3.0,0.002276017511173567,3.0000008633758277,3.0000008633758277,1.0,0.0,0.0,1,53,[56],0.964,concave,it2,avg
Class3,P2,Class3_it2_example_0119,1.0,0.0007064874854483261,1.0000002495622524,1.0000002495622524,1.0,0.0,0.0,1,57,[58],0.964,concave,it2,avg
Class3,P2,Class3_it2_example_0120,0.0,0.0,0.0,0.0,1.0,0.0,0.0,1,62,[62],0.964,concave,it2,avg
Class3,P2,Class3_it2_example_0121,,,,,,,1.0,0,79,[],0.964,concave,it2,avg
Class3,P2,Class3_it2_example_0122,0.0,0.0,0.0,0.0,1.0,0.0,0.0,1,71,[71],0.964,concave,it2,avg
Class3,P2,Class3_it2_example_0123,0.0,0.0,0.0,0.0,1.0,0.0,0.0,1,68,[68],0.964,concave,it2,avg
Class3,P2,Class3_it2_example_0124,0.0,0.0,0.0,0.0,1.0,0.0,0.0,1,68,[68],0.964,concave,it2,avg
Class3,P2,Class3_it2_example_0125,0.0,0.0,0.0,0.0,1.0,0.0,0.0,1,75,[75],0.964,concave,it2,avg
Class3,P2,Class3_it2_example_0126,0.0,0.0,0.0,0.0,1.0,0.0,0.0,1,82,[82],0.964,concave,it2,avg
Class3,P2,Class3_it2_example_0127,0.0,0.0,0.0,0.0,1.0,0.0,0.0,1,76,[76],0.964,concave,it2,avg
Class3,P2,Class3_it2_example_0128,,,,,,,1.0,0,49,[],0.964,concave,it2,avg
Class3,P2,Class3_it2_example_0129,0.0,0.0,0.0,0.0,1.0,0.0,0.0,1,55,[55],0.964,concave,it2,avg
Class3,P2,Class3_it2_example_0130,0.0,0.0,0.0,0.0,1.0,0.0,0.0,1,70,[70],0.964,concave,it2,avg
Class3,P2,Class3_it2_example_0131,0.0,0.0,0.0,0.0,1.0,0.0,0.0,1,62,[62],0.964,concave,it2,avg
Class3,P2,Class3_it2_example_0132,0.0,0.0,0.0,0.0,1.0,0.0,0.0,1,62,[62],0.964,concave,it2,avg
Class3,P2,Class3_it2_example_0133,0.0,0.0,0.0,0.0,1.0,0.0,0.0,1,62,[62],0.964,concave,it2,avg
Class3,P2,Class3_it2_example_0134,0.0,0.0,0.0,0.0,1.0,0.0,0.0,1,70,[70],0.964,concave,it2,avg
Class3,P2,Class3_it2_example_0135,2.0,0.002941056601434011,2.000002162452314,0.0,1.0,1.0,0.0,2,62,"[58, 62]",0.964,concave,it2,avg
Class3,P2,Class3_it2_example_0136,0.0,0.0,0.0,0.0,1.0,0.0,0.0,1,74,[74],0.964,concave,it2,avg
Class3,P2,Class3_it2_example_0137,0.0,0.0,0.0,0.0,1.0,0.0,0.0,1,63,[63],0.964,concave,it2,avg
Class3,P2,Class3_it2_example_0138,0.0,0.0,0.0,0.0,1.0,0.0,0.0,1,63,[63],0.964,concave,it2,avg
Class3,P2,Class3_it2_example_0139,0.0,0.0,0.0,0.0,1.0,0.0,0.0,1,62,[62],0.964,concave,it2,avg
Class3,P2,Class3_it2_example_0140,,,,,,,1.0,0,50,[],0.964,concave,it2,avg
Class3,P2,Class3_it2_example_0141,,,,,,,1.0,0,55,[],0.964,concave,it2,avg
Class3,P2,Class3_it2_example_0142,0.0,0.0,0.0,0.0,1.0,0.0,0.0,1,51,[51],0.964,concave,it2,avg
Class3,P2,Class3_it2_example_0143,15.0,0.09072372442046894,15.000274357296693,15.000274357296693,0.0,1.0,1.0,1,44,[59],0.964,concave,it2,avg
Class3,P2,Class3_it2_example_0144,0.0,0.0,0.0,0.0,1.0,0.0,0.0,1,44,[44],0.964,concave,it2,avg
Class3,P2,Class3_it2_example_0145,1.0,0.0006481737222298056,1.000000210064565,0.0,1.0,0.0,0.0,2,61,"[59, 61]",0.964,concave,it2,avg
Class3,P2,Class3_it2_example_0146,0.0,0.0,0.0,0.0,1.0,0.0,0.0,1,63,[63],0.964,concave,it2,avg
Class3,P2,Class3_it2_example_0147,0.0,0.0,0.0,0.0,1.0,0.0,0.0,1,59,[59],0.964,concave,it2,avg
Class3,P2,Class3_it2_example_0148,0.0,0.0,0.0,0.0,1.0,0.0,0.0,1,55,[55],0.964,concave,it2,avg
Class3,P2,Class3_it2_example_0149,0.0,0.0,0.0,0.0,1.0,0.0,0.0,1,77,[77],0.964,concave,it2,avg
Class3,P2,Class3_it2_example_0150,0.0,0.0,0.0,0.0,1.0,0.0,0.0,1,73,[73],0.964,concave,it2,avg
Class3,P2,Class3_it2_example_0151,0.0,0.0,0.0,0.0,1.0,0.0,0.0,1,70,[70],0.964,concave,it2,avg
Class3,P2,Class3_it2_example_0152,1.0,0.000693265645120289,1.0000002403085984,1.0000002403085984,1.0,0.0,0.0,1,52,[53],0.964,concave,it2,avg
Class3,P2,Class3_it2_example_0153,0.0,0.0,0.0,0.0,1.0,0.0,0.0,1,69,[69],0.964,concave,it2,avg
Class3,P2,Class3_it2_example_0154,0.0,0.0,0.0,0.0,1.0,0.0,0.0,1,68,[68],0.964,concave,it2,avg
Class3,P2,Class3_it2_example_0155,0.0,0.0,0.0,0.0,1.0,0.0,0.0,1,69,[69],0.964,concave,it2,avg
Class3,P2,Class3_it2_example_0156,0.0,0.0,0.0,0.0,1.0,0.0,0.0,1,69,[69],0.964,concave,it2,avg
Class3,P2,Class3_it2_example_0157,0.0,0.0,0.0,0.0,1.0,0.0,0.0,1,63,[63],0.964,concave,it2,avg
Class3,P2,Class3_it2_example_0158,0.0,0.0,0.0,0.0,1.0,0.0,0.0,1,65,[65],0.964,concave,it2,avg
Class3,P2,Class3_it2_example_0159,0.0,0.0,0.0,0.0,1.0,0.0,0.0,1,62,[62],0.964,concave,it2,avg
Class3,P2,Class3_it2_example_0160,0.0,0.0,0.0,0.0,1.0,0.0,0.0,1,60,[60],0.964,concave,it2,avg
Class3,P2,Class3_it2_example_0161,0.0,0.0,0.0,0.0,1.0,0.0,0.0,1,68,[68],0.964,concave,it2,avg
Class3,P2,Class3_it2_example_0162,1.0,1.0929988913943589e-05,1.0000000000597322,1.0000000000597322,1.0,0.0,0.0,1,54,[55],0.964,concave,it2,avg
Class3,P2,Class3_it2_example_0163,0.0,0.0,0.0,0.0,1.0,0.0,0.0,1,62,[62],0.964,concave,it2,avg
Class3,P2,Class3_it2_example_0164,1.0,0.0006336444610780534,1.0000002007526314,1.0000002007526314,1.0,0.0,0.0,1,58,[59],0.964,concave,it2,avg
Class3,P2,Class3_it2_example_0165,0.0,0.0,0.0,0.0,1.0,0.0,0.0,1,65,[65],0.964,concave,it2,avg
Class3,P2,Class3_it2_example_0166,0.0,0.0,0.0,0.0,1.0,0.0,0.0,1,51,[51],0.964,concave,it2,avg
Class3,P2,Class3_it2_example_0167,,,,,,,1.0,0,48,[],0.964,concave,it2,avg
Class3,P2,Class3_it2_example_0168,0.0,0.0,0.0,0.0,1.0,0.0,0.0,1,51,[51],0.964,concave,it2,avg
Class3,P2,Class3_it2_example_0169,0.0,0.0,0.0,0.0,1.0,0.0,0.0,1,66,[66],0.964,concave,it2,avg
Class3,P2,Class3_it2_example_0170,0.0,0.0,0.0,0.0,1.0,0.0,0.0,1,70,[70],0.964,concave,it2,avg
Class3,P2,Class3_it2_example_0171,0.0,0.0,0.0,0.0,1.0,0.0,0.0,1,69,[69],0.964,concave,it2,avg
Class3,P2,Class3_it2_example_0172,0.0,0.0,0.0,0.0,1.0,0.0,0.0,1,82,[82],0.964,concave,it2,avg
Class3,P2,Class3_it2_example_0173,0.0,0.0,0.0,0.0,1.0,0.0,0.0,1,82,[82],0.964,concave,it2,avg
Class3,P2,Class3_it2_example_0174,0.0,0.0,0.0,0.0,1.0,0.0,0.0,1,78,[78],0.964,concave,it2,avg
Class3,P2,Class3_it2_example_0175,0.0,0.0,0.0,0.0,1.0,0.0,0.0,1,73,[73],0.964,concave,it2,avg
Class3,P2,Class3_it2_example_0176,0.0,0.0,0.0,0.0,1.0,0.0,0.0,1,67,[67],0.964,concave,it2,avg
Class3,P2,Class3_it2_example_0177,0.0,0.0,0.0,0.0,1.0,0.0,0.0,1,66,[66],0.964,concave,it2,avg
Class3,P2,Class3_it2_example_0178,0.0,0.0,0.0,0.0,1.0,0.0,0.0,1,61,[61],0.964,concave,it2,avg
Class3,P2,Class3_it2_example_0179,0.0,0.0,0.0,0.0,1.0,0.0,0.0,1,56,[56],0.964,concave,it2,avg
Class3,P2,Class3_it2_example_0180,1.0,0.0009255722918791731,1.000000428341942,1.000000428341942,1.0,0.0,0.0,1,51,[52],0.964,concave,it2,avg
Class3,P2,Class3_it2_example_0181,0.0,0.0,0.0,0.0,1.0,0.0,0.0,1,51,[51],0.964,concave,it2,avg
Class3,P2,Class3_it2_example_0182,0.0,0.0,0.0,0.0,1.0,0.0,0.0,1,51,[51],0.964,concave,it2,avg
Class3,P2,Class3_it2_example_0183,0.0,0.0,0.0,0.0,1.0,0.0,0.0,1,51,[51],0.964,concave,it2,avg
Class3,P2,Class3_it2_example_0184,0.0,0.0,0.0,0.0,1.0,0.0,0.0,1,52,[52],0.964,concave,it2,avg
Class3,P2,Class3_it2_example_0185,0.0,0.0,0.0,0.0,1.0,0.0,0.0,1,56,[56],0.964,concave,it2,avg
Class3,P2,Class3_it2_example_0186,0.0,0.0,0.0,0.0,1.0,0.0,0.0,1,52,[52],0.964,concave,it2,avg
Class3,P2,Class3_it2_example_0187,0.0,0.0,0.0,0.0,1.0,0.0,0.0,1,52,[52],0.964,concave,it2,avg
Class3,P2,Class3_it2_example_0188,0.0,0.0,0.0,0.0,1.0,0.0,0.0,1,51,[51],0.964,concave,it2,avg
Class3,P2,Class3_it2_example_0189,0.0,0.0,0.0,0.0,1.0,0.0,0.0,1,49,[49],0.964,concave,it2,avg
Class3,P2,Class3_it2_example_0190,0.0,0.0,0.0,0.0,1.0,0.0,0.0,1,52,[52],0.964,concave,it2,avg
Class3,P2,Class3_it2_example_0191,0.0,0.0,0.0,0.0,1.0,0.0,0.0,1,59,[59],0.964,concave,it2,avg
Class3,P2,Class3_it2_example_0192,0.0,0.0,0.0,0.0,1.0,0.0,0.0,1,63,[63],0.964,concave,it2,avg
Class3,P2,Class3_it2_example_0193,0.0,0.0,0.0,0.0,1.0,0.0,0.0,1,60,[60],0.964,concave,it2,avg
Class3,P2,Class3_it2_example_0194,0.0,0.0,0.0,0.0,1.0,0.0,0.0,1,74,[74],0.964,concave,it2,avg
Class3,P2,Class3_it2_example_0195,19.0,0.08804698859448279,19.00020400606795,19.00020400606795,0.0,1.0,1.0,1,51,[70],0.964,concave,it2,avg
Class3,P2,Class3_it2_example_0196,0.0,0.0,0.0,0.0,1.0,0.0,0.0,1,55,[55],0.964,concave,it2,avg
Class3,P2,Class3_it2_example_0197,0.0,0.0,0.0,0.0,1.0,0.0,0.0,1,53,[53],0.964,concave,it2,avg
Class3,P2,Class3_it2_example_0198,0.0,0.0,0.0,0.0,1.0,0.0,0.0,1,53,[53],0.964,concave,it2,avg
Class3,P2,Class3_it2_example_0199,0.0,0.0,0.0,0.0,1.0,0.0,0.0,1,52,[52],0.964,concave,it2,avg
Class3,P2,Class3_it2_example_0200,0.0,0.0,0.0,0.0,1.0,0.0,0.0,1,65,[65],0.964,concave,it2,avg
Class3,P2,Class3_it2_example_0201,0.0,0.0,0.0,0.0,1.0,0.0,0.0,1,58,[58],0.964,concave,it2,avg
Class3,P2,Class3_it2_example_0202,0.0,0.0,0.0,0.0,1.0,0.0,0.0,1,69,[69],0.964,concave,it2,avg
Class3,P2,Class3_it2_example_0203,2.0,0.002161400812070835,2.0000011679130267,2.0000011679130267,1.0,0.0,0.0,1,61,[63],0.964,concave,it2,avg
Class3,P2,Class3_it2_example_0204,0.0,0.0,0.0,0.0,1.0,0.0,0.0,1,58,[58],0.964,concave,it2,avg
Class3,P2,Class3_it2_example_0205,0.0,0.0,0.0,0.0,1.0,0.0,0.0,1,63,[63],0.964,concave,it2,avg
Class3,P2,Class3_it2_example_0206,0.0,0.0,0.0,0.0,1.0,0.0,0.0,1,64,[64],0.964,concave,it2,avg
Class3,P2,Class3_it2_example_0207,0.0,0.0,0.0,0.0,1.0,0.0,0.0,1,54,[54],0.964,concave,it2,avg
Class3,P2,Class3_it2_example_0208,0.0,0.0,0.0,0.0,1.0,0.0,0.0,1,53,[53],0.964,concave,it2,avg
Class3,P2,Class3_it2_example_0209,0.0,0.0,0.0,0.0,1.0,0.0,0.0,1,54,[54],0.964,concave,it2,avg
Class3,P2,Class3_it2_example_0210,0.0,0.0,0.0,0.0,1.0,0.0,0.0,1,52,[52],0.964,concave,it2,avg
Class3,P2,Class3_it2_example_0211,0.0,0.0,0.0,0.0,1.0,0.0,0.0,1,68,[68],0.964,concave,it2,avg
Class3,P2,Class3_it2_example_0212,0.0,0.0,0.0,0.0,1.0,0.0,0.0,1,69,[69],0.964,concave,it2,avg
Class3,P2,Class3_it2_example_0213,0.0,0.0,0.0,0.0,1.0,0.0,0.0,1,70,[70],0.964,concave,it2,avg
Class3,P2,Class3_it2_example_0214,0.0,0.0,0.0,0.0,1.0,0.0,0.0,1,66,[66],0.964,concave,it2,avg
Class3,P2,Class3_it2_example_0215,0.0,0.0,0.0,0.0,1.0,0.0,0.0,1,68,[68],0.964,concave,it2,avg
Class3,P2,Class3_it2_example_0216,0.0,0.0,0.0,0.0,1.0,0.0,0.0,1,54,[54],0.964,concave,it2,avg
Class3,P2,Class3_it2_example_0217,0.0,0.0,0.0,0.0,1.0,0.0,0.0,1,73,[73],0.964,concave,it2,avg
Class3,P2,Class3_it2_example_0218,0.0,0.0,0.0,0.0,1.0,0.0,0.0,1,57,[57],0.964,concave,it2,avg
Class3,P2,Class3_it2_example_0219,0.0,0.0,0.0,0.0,1.0,0.0,0.0,1,54,[54],0.964,concave,it2,avg
Class3,P2,Class3_it2_example_0220,0.0,0.0,0.0,0.0,1.0,0.0,0.0,1,54,[54],0.964,concave,it2,avg
Class3,P2,Class3_it2_example_0221,0.0,0.0,0.0,0.0,1.0,0.0,0.0,1,61,[61],0.964,concave,it2,avg
Class3,P2,Class3_it2_example_0222,0.0,0.0,0.0,0.0,1.0,0.0,0.0,1,70,[70],0.964,concave,it2,avg
Class3,P2,Class3_it2_example_0223,0.0,0.0,0.0,0.0,1.0,0.0,0.0,1,53,[53],0.964,concave,it2,avg
Class3,P2,Class3_it2_example_0224,0.0,0.0,0.0,0.0,1.0,0.0,0.0,1,55,[55],0.964,concave,it2,avg
Class3,P2,Class3_it2_example_0225,0.0,0.0,0.0,0.0,1.0,0.0,0.0,1,66,[66],0.964,concave,it2,avg
Class3,P2,Class3_it2_example_0226,1.0,0.00019966686981753856,1.0000000199334294,1.0000000199334294,1.0,0.0,0.0,1,48,[49],0.964,concave,it2,avg
Class3,P2,Class3_it2_example_0227,2.0,0.002081865826125462,2.000001083541036,2.000001083541036,1.0,0.0,0.0,1,52,[54],0.964,concave,it2,avg
Class3,P2,Class3_it2_example_0228,7.5,0.00815075530521353,7.500004430678518,2.0000013017173277,1.0,1.0,0.0,2,56,"[58, 69]",0.964,concave,it2,avg
Class3,P2,Class3_it2_example_0229,19.0,0.06887263258018339,19.000124826945704,19.000124826945704,0.0,1.0,1.0,1,52,[71],0.964,concave,it2,avg
Class3,P2,Class3_it2_example_0230,1.0,0.0008146814374383471,1.0000003318528672,1.0000003318528672,1.0,0.0,0.0,1,59,[60],0.964,concave,it2,avg
Class3,P2,Class3_it2_example_0231,0.0,0.0,0.0,0.0,1.0,0.0,0.0,1,53,[53],0.964,concave,it2,avg
Class3,P2,Class3_it2_example_0232,0.0,0.0,0.0,0.0,1.0,0.0,0.0,1,50,[50],0.964,concave,it2,avg
Class3,P2,Class3_it2_example_0233,0.0,0.0,0.0,0.0,1.0,0.0,0.0,1,49,[49],0.964,concave,it2,avg
Class3,P2,Class3_it2_example_0234,0.0,0.0,0.0,0.0,1.0,0.0,0.0,1,51,[51],0.964,concave,it2,avg
Class3,P2,Class3_it2_example_0235,,,,,,,1.0,0,46,[],0.964,concave,it2,avg
Class3,P2,Class3_it2_example_0236,0.0,0.0,0.0,0.0,1.0,0.0,0.0,1,50,[50],0.964,concave,it2,avg
Class3,P2,Class3_it2_example_0237,0.0,0.0,0.0,0.0,1.0,0.0,0.0,1,50,[50],0.964,concave,it2,avg
Class3,P2,Class3_it2_example_0238,9.333333333333334,0.018114862067639608,9.333350978764939,0.0,1.0,2.0,0.0,3,51,"[51, 64, 66]",0.964,concave,it2,avg
Class3,P2,Class3_it2_example_0239,8.0,0.011777583756470644,8.000008701752403,1.0000006319385342,1.0,1.0,0.0,2,53,"[54, 68]",0.964,concave,it2,avg
Class3,P2,Class3_it2_example_0240,,,,,,,1.0,0,58,[],0.964,concave,it2,avg
Class3,P2,Class3_it2_example_0241,1.0,0.0016439159510466261,1.000001351228914,1.000001351228914,1.0,0.0,0.0,1,46,[47],0.964,concave,it2,avg
Class3,P2,Class3_it2_example_0242,0.0,0.0,0.0,0.0,1.0,0.0,0.0,1,62,[62],0.964,concave,it2,avg
Class3,P2,Class3_it2_example_0243,0.0,0.0,0.0,0.0,1.0,0.0,0.0,1,60,[60],0.964,concave,it2,avg
Class3,P2,Class3_it2_example_0244,1.0,0.0012005656590232672,1.0000007206786912,1.0000007206786912,1.0,0.0,0.0,1,64,[63],0.964,concave,it2,avg
Class3,P2,Class3_it2_example_0245,0.0,0.0,0.0,0.0,1.0,0.0,0.0,1,83,[83],0.964,concave,it2,avg
Class3,P2,Class3_it2_example_0246,0.0,0.0,0.0,0.0,1.0,0.0,0.0,1,65,[65],0.964,concave,it2,avg
Class3,P2,Class3_it2_example_0247,,,,,,,1.0,0,49,[],0.964,concave,it2,avg
Class3,P2,Class3_it2_example_0248,0.0,0.0,0.0,0.0,1.0,0.0,0.0,1,53,[53],0.964,concave,it2,avg
Class3,P2,Class3_it2_example_0249,0.0,0.0,0.0,0.0,1.0,0.0,0.0,1,55,[55],0.964,concave,it2,avg
Class3,P2,Class3_it2_example_0250,,,,,,,1.0,0,42,[],0.964,concave,it2,avg
Class4,P2,Class4_it2_example_0001,,,,,,,1.0,0,66,[],0.02,concave,it2,avg
Class4,P2,Class4_it2_example_0002,,,,,,,1.0,0,63,[],0.02,concave,it2,avg
Class4,P2,Class4_it2_example_0003,,,,,,,1.0,0,74,[],0.02,concave,it2,avg
Class4,P2,Class4_it2_example_0004,,,,,,,1.0,0,76,[],0.02,concave,it2,avg
Class4,P2,Class4_it2_example_0005,,,,,,,1.0,0,61,[],0.02,concave,it2,avg
Class4,P2,Class4_it2_example_0006,,,,,,,1.0,0,64,[],0.02,concave,it2,avg
Class4,P2,Class4_it2_example_0007,,,,,,,1.0,0,59,[],0.02,concave,it2,avg
Class4,P2,Class4_it2_example_0008,,,,,,,1.0,0,60,[],0.02,concave,it2,avg
Class4,P2,Class4_it2_example_0009,,,,,,,1.0,0,51,[],0.02,concave,it2,avg
Class4,P2,Class4_it2_example_0010,,,,,,,1.0,0,63,[],0.02,concave,it2,avg
Class4,P2,Class4_it2_example_0011,,,,,,,1.0,0,55,[],0.02,concave,it2,avg
Class4,P2,Class4_it2_example_0012,,,,,,,1.0,0,46,[],0.02,concave,it2,avg
Class4,P2,Class4_it2_example_0013,,,,,,,1.0,0,47,[],0.02,concave,it2,avg
Class4,P2,Class4_it2_example_0014,,,,,,,1.0,0,45,[],0.02,concave,it2,avg
Class4,P2,Class4_it2_example_0015,,,,,,,1.0,0,44,[],0.02,concave,it2,avg
Class4,P2,Class4_it2_example_0016,,,,,,,1.0,0,48,[],0.02,concave,it2,avg
Class4,P2,Class4_it2_example_0017,,,,,,,1.0,0,70,[],0.02,concave,it2,avg
Class4,P2,Class4_it2_example_0018,,,,,,,1.0,0,71,[],0.02,concave,it2,avg
Class4,P2,Class4_it2_example_0019,,,,,,,1.0,0,51,[],0.02,concave,it2,avg
Class4,P2,Class4_it2_example_0020,,,,,,,1.0,0,64,[],0.02,concave,it2,avg
Class4,P2,Class4_it2_example_0021,,,,,,,1.0,0,57,[],0.02,concave,it2,avg
Class4,P2,Class4_it2_example_0022,,,,,,,1.0,0,61,[],0.02,concave,it2,avg
Class4,P2,Class4_it2_example_0023,59.0,0.47797592779017184,59.00193607829786,59.00193607829786,0.0,1.0,1.0,1,60,[119],0.02,concave,it2,avg
Class4,P2,Class4_it2_example_0024,,,,,,,1.0,0,70,[],0.02,concave,it2,avg
Class4,P2,Class4_it2_example_0025,,,,,,,1.0,0,55,[],0.02,concave,it2,avg
Class4,P2,Class4_it2_example_0026,,,,,,,1.0,0,64,[],0.02,concave,it2,avg
Class4,P2,Class4_it2_example_0027,,,,,,,1.0,0,66,[],0.02,concave,it2,avg
Class4,P2,Class4_it2_example_0028,,,,,,,1.0,0,52,[],0.02,concave,it2,avg
Class4,P2,Class4_it2_example_0029,,,,,,,1.0,0,72,[],0.02,concave,it2,avg
Class4,P2,Class4_it2_example_0030,,,,,,,1.0,0,62,[],0.02,concave,it2,avg
Class4,P2,Class4_it2_example_0031,,,,,,,1.0,0,65,[],0.02,concave,it2,avg
Class4,P2,Class4_it2_example_0032,,,,,,,1.0,0,62,[],0.02,concave,it2,avg
Class4,P2,Class4_it2_example_0033,,,,,,,1.0,0,58,[],0.02,concave,it2,avg
Class4,P2,Class4_it2_example_0034,,,,,,,1.0,0,56,[],0.02,concave,it2,avg
Class4,P2,Class4_it2_example_0035,,,,,,,1.0,0,62,[],0.02,concave,it2,avg
Class4,P2,Class4_it2_example_0036,,,,,,,1.0,0,69,[],0.02,concave,it2,avg
Class4,P2,Class4_it2_example_0037,,,,,,,1.0,0,53,[],0.02,concave,it2,avg
Class4,P2,Class4_it2_example_0038,,,,,,,1.0,0,53,[],0.02,concave,it2,avg
Class4,P2,Class4_it2_example_0039,,,,,,,1.0,0,49,[],0.02,concave,it2,avg
Class4,P2,Class4_it2_example_0040,,,,,,,1.0,0,50,[],0.02,concave,it2,avg
Class4,P2,Class4_it2_example_0041,,,,,,,1.0,0,76,[],0.02,concave,it2,avg
Class4,P2,Class4_it2_example_0042,,,,,,,1.0,0,60,[],0.02,concave,it2,avg
Class4,P2,Class4_it2_example_0043,,,,,,,1.0,0,61,[],0.02,concave,it2,avg
Class4,P2,Class4_it2_example_0044,,,,,,,1.0,0,62,[],0.02,concave,it2,avg
Class4,P2,Class4_it2_example_0045,,,,,,,1.0,0,54,[],0.02,concave,it2,avg
Class4,P2,Class4_it2_example_0046,,,,,,,1.0,0,71,[],0.02,concave,it2,avg
Class4,P2,Class4_it2_example_0047,,,,,,,1.0,0,66,[],0.02,concave,it2,avg
Class4,P2,Class4_it2_example_0048,,,,,,,1.0,0,65,[],0.02,concave,it2,avg
Class4,P2,Class4_it2_example_0049,,,,,,,1.0,0,71,[],0.02,concave,it2,avg
Class4,P2,Class4_it2_example_0050,,,,,,,1.0,0,67,[],0.02,concave,it2,avg
Class1,P3,Class1_it2_example_0001,0.0,0.0,0.0,0.0,1.0,0.0,0.0,1,108,[108],0.884,concave,it2,avg
Class1,P3,Class1_it2_example_0002,2.0,0.0010769913416774912,2.0000002899775664,2.0000002899775664,1.0,0.0,0.0,1,103,[101],0.884,concave,it2,avg
Class1,P3,Class1_it2_example_0003,0.0,0.0,0.0,0.0,1.0,0.0,0.0,1,104,[104],0.884,concave,it2,avg
Class1,P3,Class1_it2_example_0004,2.0,0.00128913356292093,2.0000004154662925,2.0000004154662925,1.0,0.0,0.0,1,106,[104],0.884,concave,it2,avg
Class1,P3,Class1_it2_example_0005,3.0,0.0034027746336741105,3.000001929811914,3.000001929811914,1.0,0.0,0.0,1,103,[100],0.884,concave,it2,avg
Class1,P3,Class1_it2_example_0006,0.0,0.0,0.0,0.0,1.0,0.0,0.0,1,99,[99],0.884,concave,it2,avg
Class1,P3,Class1_it2_example_0007,0.0,0.0,0.0,0.0,1.0,0.0,0.0,1,104,[104],0.884,concave,it2,avg
Class1,P3,Class1_it2_example_0008,2.0,0.0012474229462769992,2.000000389015964,2.000000389015964,1.0,0.0,0.0,1,102,[100],0.884,concave,it2,avg
Class1,P3,Class1_it2_example_0009,1.0,0.0010291291645604383,1.0000005295532786,1.0000005295532786,1.0,0.0,0.0,1,105,[104],0.884,concave,it2,avg
Class1,P3,Class1_it2_example_0010,1.0,0.0008814531705899631,1.0000003884797706,1.0000003884797706,1.0,0.0,0.0,1,108,[107],0.884,concave,it2,avg
Class1,P3,Class1_it2_example_0011,1.0,0.0002906837100552506,1.0000000422485087,1.0000000422485087,1.0,0.0,0.0,1,96,[95],0.884,concave,it2,avg
Class1,P3,Class1_it2_example_0012,1.0,0.0004731493767071715,1.00000011193516,1.00000011193516,1.0,0.0,0.0,1,103,[102],0.884,concave,it2,avg
Class1,P3,Class1_it2_example_0013,3.0,0.0032578079947154226,3.000001768884967,3.000001768884967,1.0,0.0,0.0,1,82,[79],0.884,concave,it2,avg
Class1,P3,Class1_it2_example_0014,0.0,0.0,0.0,0.0,1.0,0.0,0.0,1,85,[85],0.884,concave,it2,avg
Class1,P3,Class1_it2_example_0015,60.5,0.3899859575321126,60.50125696277769,58.001219468774465,0.0,2.0,1.0,2,69,"[127, 132]",0.884,concave,it2,avg
Class1,P3,Class1_it2_example_0016,,,,,,,1.0,0,79,[],0.884,concave,it2,avg
Class1,P3,Class1_it2_example_0017,2.5,6.339029910218397e-05,2.500000000803666,0.0,1.0,1.0,0.0,2,91,"[86, 91]",0.884,concave,it2,avg
Class1,P3,Class1_it2_example_0018,2.5,0.00026914362979757467,2.500000028855653,1.000000051868178,1.0,1.0,0.0,2,91,"[87, 90]",0.884,concave,it2,avg
Class1,P3,Class1_it2_example_0019,1.0,0.00016794797568420172,1.0000000141032612,1.0000000141032612,1.0,0.0,0.0,1,83,[84],0.884,concave,it2,avg
Class1,P3,Class1_it2_example_0020,1.0,0.0008565527602683032,1.0000003668412483,1.0000003668412483,1.0,0.0,0.0,1,104,[103],0.884,concave,it2,avg
Class1,P3,Class1_it2_example_0021,24.5,0.14428202699540243,24.500431127641484,21.000473650015902,0.0,2.0,1.0,2,111,"[83, 90]",0.884,concave,it2,avg
Class1,P3,Class1_it2_example_0022,0.0,0.0,0.0,0.0,1.0,0.0,0.0,1,126,[126],0.884,concave,it2,avg
Class1,P3,Class1_it2_example_0023,2.0,0.00183689837116352,2.0000008435487286,2.0000008435487286,1.0,0.0,0.0,1,120,[118],0.884,concave,it2,avg
Class1,P3,Class1_it2_example_0024,1.0,5.504761227714816e-05,1.0000000015151198,1.0000000015151198,1.0,0.0,0.0,1,135,[134],0.884,concave,it2,avg
Class1,P3,Class1_it2_example_0025,1.0,0.00032767784511666953,1.0000000536863838,1.0000000536863838,1.0,0.0,0.0,1,135,[136],0.884,concave,it2,avg
Class1,P3,Class1_it2_example_0026,0.0,0.0,0.0,0.0,1.0,0.0,0.0,1,133,[133],0.884,concave,it2,avg
Class1,P3,Class1_it2_example_0027,0.0,0.0,0.0,0.0,1.0,0.0,0.0,1,131,[131],0.884,concave,it2,avg
Class1,P3,Class1_it2_example_0028,1.0,0.0009244440098725715,1.0000004272982723,1.0000004272982723,1.0,0.0,0.0,1,127,[126],0.884,concave,it2,avg
Class1,P3,Class1_it2_example_0029,,,,,,,1.0,0,109,[],0.884,concave,it2,avg
Class1,P3,Class1_it2_example_0030,7.666666666666667,0.0021632652316015224,7.666667044240481,1.0000002437645026,1.0,2.0,0.0,3,101,"[87, 93, 100]",0.884,concave,it2,avg
Class1,P3,Class1_it2_example_0031,3.0,0.012701981406136487,3.0000268899347624,0.0,1.0,1.0,0.0,2,86,"[80, 86]",0.884,concave,it2,avg
Class1,P3,Class1_it2_example_0032,3.0,0.0014987188898288317,3.000001493030249,1.000002953931272,1.0,1.0,0.0,2,92,"[87, 93]",0.884,concave,it2,avg
Class1,P3,Class1_it2_example_0033,6.75,0.009092048231204852,6.750006293312611,1.000000387019125,1.0,3.0,0.0,4,97,"[83, 91, 96, 103]",0.884,concave,it2,avg
Class1,P3,Class1_it2_example_0034,2.5,0.0036942306084936094,2.500002729466468,0.0,1.0,1.0,0.0,2,83,"[83, 88]",0.884,concave,it2,avg
Class1,P3,Class1_it2_example_0035,1.0,0.00034061761788461986,1.000000058010179,1.000000058010179,1.0,0.0,0.0,1,94,[95],0.884,concave,it2,avg
Class1,P3,Class1_it2_example_0036,0.0,0.0,0.0,0.0,1.0,0.0,0.0,1,112,[112],0.884,concave,it2,avg
Class1,P3,Class1_it2_example_0037,4.0,0.0020251284690771254,4.000000513013367,1.000000147033612,1.0,1.0,0.0,2,112,"[105, 111]",0.884,concave,it2,avg
Class1,P3,Class1_it2_example_0038,1.0,0.0005260807711733317,1.0000001383804793,1.0000001383804793,1.0,0.0,0.0,1,110,[109],0.884,concave,it2,avg
Class1,P3,Class1_it2_example_0039,1.0,0.0015385646454623148,1.0000011835898837,1.0000011835898837,1.0,0.0,0.0,1,90,[89],0.884,concave,it2,avg
Class1,P3,Class1_it2_example_0040,1.0,0.0006676303154403707,1.0000002228650942,1.0000002228650942,1.0,0.0,0.0,1,82,[81],0.884,concave,it2,avg
Class1,P3,Class1_it2_example_0041,0.0,0.0,0.0,0.0,1.0,0.0,0.0,1,85,[85],0.884,concave,it2,avg
Class1,P3,Class1_it2_example_0042,1.0,0.00025474709600747936,1.000000032448041,1.000000032448041,1.0,0.0,0.0,1,104,[105],0.884,concave,it2,avg
Class1,P3,Class1_it2_example_0043,3.0,0.003288532580893011,3.000001802407214,3.000001802407214,1.0,0.0,0.0,1,94,[91],0.884,concave,it2,avg
Class1,P3,Class1_it2_example_0044,1.0,0.0002569222966349871,1.0000000330045327,1.0000000330045327,1.0,0.0,0.0,1,82,[81],0.884,concave,it2,avg
Class1,P3,Class1_it2_example_0045,2.0,0.000687896406900812,2.0000001183003633,2.0000001183003633,1.0,0.0,0.0,1,95,[93],0.884,concave,it2,avg
Class1,P3,Class1_it2_example_0046,0.0,0.0,0.0,0.0,1.0,0.0,0.0,1,87,[87],0.884,concave,it2,avg
Class1,P3,Class1_it2_example_0047,1.0,0.0003134877513051304,1.000000049137284,1.000000049137284,1.0,0.0,0.0,1,87,[86],0.884,concave,it2,avg
Class1,P3,Class1_it2_example_0048,0.0,0.0,0.0,0.0,1.0,0.0,0.0,1,90,[90],0.884,concave,it2,avg
Class1,P3,Class1_it2_example_0049,1.0,0.00024870295800982767,1.0000000309265802,1.0000000309265802,1.0,0.0,0.0,1,90,[89],0.884,concave,it2,avg
Class1,P3,Class1_it2_example_0050,1.0,0.0005568791237569037,1.000000155057167,1.000000155057167,1.0,0.0,0.0,1,117,[116],0.884,concave,it2,avg
Class1,P3,Class1_it2_example_0051,0.0,0.0,0.0,0.0,1.0,0.0,0.0,1,88,[88],0.884,concave,it2,avg
Class1,P3,Class1_it2_example_0052,1.0,0.0003638149363486276,1.0000000661806518,1.0000000661806518,1.0,0.0,0.0,1,100,[99],0.884,concave,it2,avg
Class1,P3,Class1_it2_example_0053,0.0,0.0,0.0,0.0,1.0,0.0,0.0,1,96,[96],0.884,concave,it2,avg
Class1,P3,Class1_it2_example_0054,0.0,0.0,0.0,0.0,1.0,0.0,0.0,1,98,[98],0.884,concave,it2,avg
Class1,P3,Class1_it2_example_0055,0.0,0.0,0.0,0.0,1.0,0.0,0.0,1,129,[129],0.884,concave,it2,avg
Class1,P3,Class1_it2_example_0056,0.0,0.0,0.0,0.0,1.0,0.0,0.0,1,82,[82],0.884,concave,it2,avg
Class1,P3,Class1_it2_example_0057,,,,,,,1.0,0,85,[],0.884,concave,it2,avg
Class1,P3,Class1_it2_example_0058,0.0,0.0,0.0,0.0,1.0,0.0,0.0,1,108,[108],0.884,concave,it2,avg
Class1,P3,Class1_it2_example_0059,0.0,0.0,0.0,0.0,1.0,0.0,0.0,1,95,[95],0.884,concave,it2,avg
Class1,P3,Class1_it2_example_0060,,,,,,,1.0,0,72,[],0.884,concave,it2,avg
Class1,P3,Class1_it2_example_0061,1.0,0.0004998756134311222,1.0000001249378065,1.0000001249378065,1.0,0.0,0.0,1,109,[108],0.884,concave,it2,avg
Class1,P3,Class1_it2_example_0062,0.0,0.0,0.0,0.0,1.0,0.0,0.0,1,85,[85],0.884,concave,it2,avg
Class1,P3,Class1_it2_example_0063,1.0,4.606024528974739e-05,1.000000001060773,1.000000001060773,1.0,0.0,0.0,1,105,[104],0.884,concave,it2,avg
Class1,P3,Class1_it2_example_0064,,,,,,,1.0,0,101,[],0.884,concave,it2,avg
Class1,P3,Class1_it2_example_0065,6.0,0.02293906478813068,6.000047178094218,1.0000000543908523,1.0,1.0,0.0,2,107,"[106, 118]",0.884,concave,it2,avg
Class1,P3,Class1_it2_example_0066,0.0,0.0,0.0,0.0,1.0,0.0,0.0,1,114,[114],0.884,concave,it2,avg
Class1,P3,Class1_it2_example_0067,1.0,0.00011601363784907726,1.000000006729582,1.000000006729582,1.0,0.0,0.0,1,108,[109],0.884,concave,it2,avg
Class1,P3,Class1_it2_example_0068,0.0,0.0,0.0,0.0,1.0,0.0,0.0,1,84,[84],0.884,concave,it2,avg
Class1,P3,Class1_it2_example_0069,0.0,0.0,0.0,0.0,1.0,0.0,0.0,1,91,[91],0.884,concave,it2,avg
Class1,P3,Class1_it2_example_0070,1.0,0.0004969419360567606,1.0000001234756364,1.0000001234756364,1.0,0.0,0.0,1,88,[87],0.884,concave,it2,avg
Class1,P3,Class1_it2_example_0071,0.0,0.0,0.0,0.0,1.0,0.0,0.0,1,80,[80],0.884,concave,it2,avg
Class1,P3,Class1_it2_example_0072,3.5,0.002327299641787184,3.500000773760432,0.0,1.0,1.0,0.0,2,80,"[80, 87]",0.884,concave,it2,avg
Class1,P3,Class1_it2_example_0073,0.0,0.0,0.0,0.0,1.0,0.0,0.0,1,78,[78],0.884,concave,it2,avg
Class1,P3,Class1_it2_example_0074,0.0,0.0,0.0,0.0,1.0,0.0,0.0,1,89,[89],0.884,concave,it2,avg
Class1,P3,Class1_it2_example_0075,3.5,0.0010623689887591936,3.5000003602443392,1.0000006379578334,1.0,1.0,0.0,2,105,"[99, 104]",0.884,concave,it2,avg
Class1,P3,Class1_it2_example_0076,1.0,0.001602402170491679,1.0000012838455339,1.0000012838455339,1.0,0.0,0.0,1,93,[92],0.884,concave,it2,avg
Class1,P3,Class1_it2_example_0077,1.0,0.0014335011131987874,1.0000010274621929,1.0000010274621929,1.0,0.0,0.0,1,98,[97],0.884,concave,it2,avg
Class1,P3,Class1_it2_example_0078,3.6666666666666665,0.009132589089538512,3.666681472719286,1.0000000214855835,1.0,2.0,0.0,3,96,"[92, 97, 102]",0.884,concave,it2,avg
Class1,P3,Class1_it2_example_0079,0.0,0.0,0.0,0.0,1.0,0.0,0.0,1,99,[99],0.884,concave,it2,avg
Class1,P3,Class1_it2_example_0080,45.0,0.3479443706363293,45.00134514972922,45.00134514972922,0.0,1.0,1.0,1,98,[143],0.884,concave,it2,avg
Class1,P3,Class1_it2_example_0081,2.0,0.0014312485823013144,2.000000860522829,1.00000151029004,1.0,0.0,0.0,2,85,"[82, 84]",0.884,concave,it2,avg
Class1,P3,Class1_it2_example_0082,,,,,,,1.0,0,98,[],0.884,concave,it2,avg
Class1,P3,Class1_it2_example_0083,0.0,0.0,0.0,0.0,1.0,0.0,0.0,1,76,[76],0.884,concave,it2,avg
Class1,P3,Class1_it2_example_0084,1.0,0.0009139766059231835,1.000000417676531,1.000000417676531,1.0,0.0,0.0,1,89,[88],0.884,concave,it2,avg
Class1,P3,Class1_it2_example_0085,0.0,0.0,0.0,0.0,1.0,0.0,0.0,1,86,[86],0.884,concave,it2,avg
Class1,P3,Class1_it2_example_0086,0.0,0.0,0.0,0.0,1.0,0.0,0.0,1,85,[85],0.884,concave,it2,avg
Class1,P3,Class1_it2_example_0087,1.0,0.0008316189503595472,1.0000003457949795,1.0000003457949795,1.0,0.0,0.0,1,87,[86],0.884,concave,it2,avg
Class1,P3,Class1_it2_example_0088,0.0,0.0,0.0,0.0,1.0,0.0,0.0,1,88,[88],0.884,concave,it2,avg
Class1,P3,Class1_it2_example_0089,4.333333333333333,0.001388609775389053,4.3333337191574435,0.0,1.0,2.0,0.0,3,103,"[96, 103, 109]",0.884,concave,it2,avg
Class1,P3,Class1_it2_example_0090,3.0,0.0008243398030284288,3.0000002558666647,1.0000004648889445,1.0,1.0,0.0,2,98,"[99, 103]",0.884,concave,it2,avg
Class1,P3,Class1_it2_example_0091,7.0,0.015289405821287266,7.000017666725838,1.0000000411502565,1.0,1.0,0.0,2,113,"[100, 112]",0.884,concave,it2,avg
Class1,P3,Class1_it2_example_0092,4.333333333333333,0.006646643330971739,4.333339914351396,0.0,1.0,1.0,0.0,3,91,"[88, 91, 101]",0.884,concave,it2,avg
Class1,P3,Class1_it2_example_0093,0.0,0.0,0.0,0.0,1.0,0.0,0.0,1,92,[92],0.884,concave,it2,avg
Class1,P3,Class1_it2_example_0094,2.5,0.0011953151963191577,2.500000285755667,0.0,1.0,1.0,0.0,2,100,"[100, 105]",0.884,concave,it2,avg
Class1,P3,Class1_it2_example_0095,1.0,0.0004696445757633172,1.0000001102830076,1.0000001102830076,1.0,0.0,0.0,1,103,[102],0.884,concave,it2,avg
Class1,P3,Class1_it2_example_0096,2.5,0.001073418498130696,2.5000002304454436,0.0,1.0,1.0,0.0,2,109,"[104, 109]",0.884,concave,it2,avg
Class1,P3,Class1_it2_example_0097,3.5,0.004124847988410785,3.5000024306235744,0.0,1.0,1.0,0.0,2,93,"[93, 100]",0.884,concave,it2,avg
Class1,P3,Class1_it2_example_0098,1.0,0.000808681597947114,1.00000032698291,1.00000032698291,1.0,0.0,0.0,1,109,[108],0.884,concave,it2,avg
Class1,P3,Class1_it2_example_0099,1.0,0.0008415361408927735,1.0000003540914755,1.0000003540914755,1.0,0.0,0.0,1,99,[98],0.884,concave,it2,avg
Class1,P3,Class1_it2_example_0100,82.0,0.5233404763903927,82.00167379998555,71.0016507946919,0.0,3.0,1.0,3,85,"[156, 170, 175]",0.884,concave,it2,avg
Class1,P3,Class1_it2_example_0101,2.5,0.0013925801952844319,2.5000006803032866,1.000001161922191,1.0,1.0,0.0,2,97,"[93, 96]",0.884,concave,it2,avg
Class1,P3,Class1_it2_example_0102,2.0,0.0032360999734358797,2.0000026355460236,1.0000009648959425,1.0,0.0,0.0,2,104,"[103, 107]",0.884,concave,it2,avg
Class1,P3,Class1_it2_example_0103,3.6666666666666665,0.0033951369747231563,3.666668594568654,0.0,1.0,2.0,0.0,3,101,"[96, 101, 107]",0.884,concave,it2,avg
Class1,P3,Class1_it2_example_0104,0.0,0.0,0.0,0.0,1.0,0.0,0.0,1,105,[105],0.884,concave,it2,avg
Class1,P3,Class1_it2_example_0105,0.0,0.0,0.0,0.0,1.0,0.0,0.0,1,105,[105],0.884,concave,it2,avg
Class1,P3,Class1_it2_example_0106,3.0,0.0010039987424778352,3.000000234448816,1.0000003242476003,1.0,1.0,0.0,2,95,"[90, 94]",0.884,concave,it2,avg
Class1,P3,Class1_it2_example_0107,,,,,,,1.0,0,77,[],0.884,concave,it2,avg
Class1,P3,Class1_it2_example_0108,0.0,0.0,0.0,0.0,1.0,0.0,0.0,1,89,[89],0.884,concave,it2,avg
Class1,P3,Class1_it2_example_0109,4.333333333333333,0.013156030927615895,4.333353708020803,0.0,1.0,1.0,0.0,3,102,"[92, 99, 102]",0.884,concave,it2,avg
Class1,P3,Class1_it2_example_0110,5.5,0.0030647606495208257,5.50000087163308,1.000000329070637,1.0,1.0,0.0,2,102,"[92, 101]",0.884,concave,it2,avg
Class1,P3,Class1_it2_example_0111,,,,,,,1.0,0,73,[],0.884,concave,it2,avg
Class1,P3,Class1_it2_example_0112,,,,,,,1.0,0,69,[],0.884,concave,it2,avg
Class1,P3,Class1_it2_example_0113,,,,,,,1.0,0,87,[],0.884,concave,it2,avg
Class1,P3,Class1_it2_example_0114,,,,,,,1.0,0,72,[],0.884,concave,it2,avg
Class1,P3,Class1_it2_example_0115,,,,,,,1.0,0,87,[],0.884,concave,it2,avg
Class1,P3,Class1_it2_example_0116,,,,,,,1.0,0,91,[],0.884,concave,it2,avg
Class1,P3,Class1_it2_example_0117,1.0,0.0005498857738760465,1.0000001511871708,1.0000001511871708,1.0,0.0,0.0,1,109,[108],0.884,concave,it2,avg
Class1,P3,Class1_it2_example_0118,0.0,0.0,0.0,0.0,1.0,0.0,0.0,1,115,[115],0.884,concave,it2,avg
Class1,P3,Class1_it2_example_0119,0.0,0.0,0.0,0.0,1.0,0.0,0.0,1,92,[92],0.884,concave,it2,avg
Class1,P3,Class1_it2_example_0120,0.0,0.0,0.0,0.0,1.0,0.0,0.0,1,80,[80],0.884,concave,it2,avg
Class1,P3,Class1_it2_example_0121,0.0,0.0,0.0,0.0,1.0,0.0,0.0,1,85,[85],0.884,concave,it2,avg
Class1,P3,Class1_it2_example_0122,1.0,0.0010574348990258775,1.0000005590841266,1.0000005590841266,1.0,0.0,0.0,1,86,[87],0.884,concave,it2,avg
Class1,P3,Class1_it2_example_0123,2.0,0.0011842386941066652,2.0000004480583042,1.0000006416425473,1.0,0.0,0.0,2,86,"[83, 85]",0.884,concave,it2,avg
Class1,P3,Class1_it2_example_0124,3.0,0.0009192872004759045,3.000000734055142,1.0000014665237025,1.0,1.0,0.0,2,102,"[97, 101]",0.884,concave,it2,avg
Class1,P3,Class1_it2_example_0125,1.0,0.00017973298488094258,1.0000000161519729,1.0000000161519729,1.0,0.0,0.0,1,82,[81],0.884,concave,it2,avg
Class1,P3,Class1_it2_example_0126,0.0,0.0,0.0,0.0,1.0,0.0,0.0,1,77,[77],0.884,concave,it2,avg
Class1,P3,Class1_it2_example_0127,1.0,0.00011649805404095881,1.0000000067858983,0.0,1.0,0.0,0.0,2,81,"[79, 81]",0.884,concave,it2,avg
Class1,P3,Class1_it2_example_0128,1.0,0.000310258732301949,1.0000000481302393,1.0000000481302393,1.0,0.0,0.0,1,93,[94],0.884,concave,it2,avg
Class1,P3,Class1_it2_example_0129,5.0,0.0006608662375900409,5.000000108403928,1.0000001890517192,1.0,1.0,0.0,2,103,"[104, 112]",0.884,concave,it2,avg
Class1,P3,Class1_it2_example_0130,,,,,,,1.0,0,93,[],0.884,concave,it2,avg
Class1,P3,Class1_it2_example_0131,0.0,0.0,0.0,0.0,1.0,0.0,0.0,1,108,[108],0.884,concave,it2,avg
Class1,P3,Class1_it2_example_0132,0.0,0.0,0.0,0.0,1.0,0.0,0.0,1,121,[121],0.884,concave,it2,avg
Class1,P3,Class1_it2_example_0133,0.0,0.0,0.0,0.0,1.0,0.0,0.0,1,113,[113],0.884,concave,it2,avg
Class1,P3,Class1_it2_example_0134,0.0,0.0,0.0,0.0,1.0,0.0,0.0,1,111,[111],0.884,concave,it2,avg
Class1,P3,Class1_it2_example_0135,1.0,0.0029399031538720477,1.0000043215059393,1.0000043215059393,1.0,0.0,0.0,1,76,[75],0.884,concave,it2,avg
Class1,P3,Class1_it2_example_0136,1.0,0.00021419345352036157,1.0000000229394175,1.0000000229394175,1.0,0.0,0.0,1,93,[92],0.884,concave,it2,avg
Class1,P3,Class1_it2_example_0137,1.0,0.0016208426179346036,1.0000013135645334,1.0000013135645334,1.0,0.0,0.0,1,110,[109],0.884,concave,it2,avg
Class1,P3,Class1_it2_example_0138,,,,,,,1.0,0,89,[],0.884,concave,it2,avg
Class1,P3,Class1_it2_example_0139,,,,,,,1.0,0,95,[],0.884,concave,it2,avg
Class1,P3,Class1_it2_example_0140,3.0,0.005065583512973482,3.0000042766863393,3.0000042766863393,1.0,0.0,0.0,1,88,[85],0.884,concave,it2,avg
Class1,P3,Class1_it2_example_0141,0.0,0.0,0.0,0.0,1.0,0.0,0.0,1,103,[103],0.884,concave,it2,avg
Class1,P3,Class1_it2_example_0142,0.0,0.0,0.0,0.0,1.0,0.0,0.0,1,96,[96],0.884,concave,it2,avg
Class1,P3,Class1_it2_example_0143,0.0,0.0,0.0,0.0,1.0,0.0,0.0,1,86,[86],0.884,concave,it2,avg
Class1,P3,Class1_it2_example_0144,0.0,0.0,0.0,0.0,1.0,0.0,0.0,1,102,[102],0.884,concave,it2,avg
Class1,P3,Class1_it2_example_0145,0.0,0.0,0.0,0.0,1.0,0.0,0.0,1,91,[91],0.884,concave,it2,avg
Class1,P3,Class1_it2_example_0146,0.0,0.0,0.0,0.0,1.0,0.0,0.0,1,121,[121],0.884,concave,it2,avg
Class1,P3,Class1_it2_example_0147,,,,,,,1.0,0,84,[],0.884,concave,it2,avg
Class1,P3,Class1_it2_example_0148,,,,,,,1.0,0,76,[],0.884,concave,it2,avg
Class1,P3,Class1_it2_example_0149,0.0,0.0,0.0,0.0,1.0,0.0,0.0,1,91,[91],0.884,concave,it2,avg
Class1,P3,Class1_it2_example_0150,32.0,0.21318598416412193,32.00071012124331,32.00071012124331,0.0,1.0,1.0,1,73,[105],0.884,concave,it2,avg
Class1,P3,Class1_it2_example_0151,,,,,,,1.0,0,62,[],0.884,concave,it2,avg
Class1,P3,Class1_it2_example_0152,0.0,0.0,0.0,0.0,1.0,0.0,0.0,1,69,[69],0.884,concave,it2,avg
Class1,P3,Class1_it2_example_0153,1.0,0.0009074581866675979,1.0000004117400956,1.0000004117400956,1.0,0.0,0.0,1,69,[68],0.884,concave,it2,avg
Class1,P3,Class1_it2_example_0154,0.0,0.0,0.0,0.0,1.0,0.0,0.0,1,68,[68],0.884,concave,it2,avg
Class1,P3,Class1_it2_example_0155,0.0,0.0,0.0,0.0,1.0,0.0,0.0,1,66,[66],0.884,concave,it2,avg
Class1,P3,Class1_it2_example_0156,0.0,0.0,0.0,0.0,1.0,0.0,0.0,1,70,[70],0.884,concave,it2,avg
Class1,P3,Class1_it2_example_0157,2.0,0.0015375694041814825,2.000000591029831,2.000000591029831,1.0,0.0,0.0,1,95,[93],0.884,concave,it2,avg
Class1,P3,Class1_it2_example_0158,1.0,0.0008333835651206378,1.0000003472640229,1.0000003472640229,1.0,0.0,0.0,1,92,[91],0.884,concave,it2,avg
Class1,P3,Class1_it2_example_0159,0.0,0.0,0.0,0.0,1.0,0.0,0.0,1,93,[93],0.884,concave,it2,avg
Class1,P3,Class1_it2_example_0160,1.0,2.330550090667849e-05,1.0000000002715732,1.0000000002715732,1.0,0.0,0.0,1,95,[96],0.884,concave,it2,avg
Class1,P3,Class1_it2_example_0161,0.0,0.0,0.0,0.0,1.0,0.0,0.0,1,93,[93],0.884,concave,it2,avg
Class1,P3,Class1_it2_example_0162,0.0,0.0,0.0,0.0,1.0,0.0,0.0,1,96,[96],0.884,concave,it2,avg
Class1,P3,Class1_it2_example_0163,0.0,0.0,0.0,0.0,1.0,0.0,0.0,1,95,[95],0.884,concave,it2,avg
Class1,P3,Class1_it2_example_0164,2.5,0.005424083234628507,2.5000058841288624,0.0,1.0,1.0,0.0,2,91,"[91, 96]",0.884,concave,it2,avg
Class1,P3,Class1_it2_example_0165,2.0,0.002210916360352422,2.000001222037415,2.000001222037415,1.0,0.0,0.0,1,102,[100],0.884,concave,it2,avg
Class1,P3,Class1_it2_example_0166,0.0,0.0,0.0,0.0,1.0,0.0,0.0,1,97,[97],0.884,concave,it2,avg
Class1,P3,Class1_it2_example_0167,1.0,0.0004489685534327936,1.000000100786376,1.000000100786376,1.0,0.0,0.0,1,110,[109],0.884,concave,it2,avg
Class1,P3,Class1_it2_example_0168,7.0,0.03100349264911234,7.000068657988751,0.0,1.0,1.0,0.0,2,104,"[104, 118]",0.884,concave,it2,avg
Class1,P3,Class1_it2_example_0169,2.0,0.001394212424273511,2.000000485957012,2.000000485957012,1.0,0.0,0.0,1,100,[98],0.884,concave,it2,avg
Class1,P3,Class1_it2_example_0170,1.0,0.0012106630989743294,1.000000732852301,1.000000732852301,1.0,0.0,0.0,1,124,[123],0.884,concave,it2,avg
Class1,P3,Class1_it2_example_0171,0.0,0.0,0.0,0.0,1.0,0.0,0.0,1,84,[84],0.884,concave,it2,avg
Class1,P3,Class1_it2_example_0172,1.5,0.0003953379620671438,1.500000052097367,0.0,1.0,0.0,0.0,2,91,"[91, 94]",0.884,concave,it2,avg
Class1,P3,Class1_it2_example_0173,6.5,0.03029716671505117,6.500070608717336,0.0,1.0,1.0,0.0,2,81,"[81, 94]",0.884,concave,it2,avg
Class1,P3,Class1_it2_example_0174,0.0,0.0,0.0,0.0,1.0,0.0,0.0,1,87,[87],0.884,concave,it2,avg
Class1,P3,Class1_it2_example_0175,2.0,0.0013129793727256756,2.0000004309786616,2.0000004309786616,1.0,0.0,0.0,1,91,[89],0.884,concave,it2,avg
Class1,P3,Class1_it2_example_0176,0.0,0.0,0.0,0.0,1.0,0.0,0.0,1,83,[83],0.884,concave,it2,avg
Class1,P3,Class1_it2_example_0177,0.0,0.0,0.0,0.0,1.0,0.0,0.0,1,85,[85],0.884,concave,it2,avg
Class1,P3,Class1_it2_example_0178,1.0,0.0010185515084488728,1.000000518723453,1.000000518723453,1.0,0.0,0.0,1,93,[92],0.884,concave,it2,avg
Class1,P3,Class1_it2_example_0179,1.0,0.002327904555791238,1.0000027095661395,1.0000027095661395,1.0,0.0,0.0,1,98,[97],0.884,concave,it2,avg
Class1,P3,Class1_it2_example_0180,2.5,0.0011675120152221385,2.5000002726168464,0.0,1.0,1.0,0.0,2,95,"[90, 95]",0.884,concave,it2,avg
Class1,P3,Class1_it2_example_0181,0.0,0.0,0.0,0.0,1.0,0.0,0.0,1,93,[93],0.884,concave,it2,avg
Class1,P3,Class1_it2_example_0182,,,,,,,1.0,0,94,[],0.884,concave,it2,avg
Class1,P3,Class1_it2_example_0183,1.0,0.0008608102606596502,1.0000003704970837,1.0000003704970837,1.0,0.0,0.0,1,94,[93],0.884,concave,it2,avg
Class1,P3,Class1_it2_example_0184,0.0,0.0,0.0,0.0,1.0,0.0,0.0,1,75,[75],0.884,concave,it2,avg
Class1,P3,Class1_it2_example_0185,5.0,0.0018764736945930949,5.00000035211534,5.00000035211534,0.0,1.0,1.0,1,86,[81],0.884,concave,it2,avg
Class1,P3,Class1_it2_example_0186,0.0,0.0,0.0,0.0,1.0,0.0,0.0,1,81,[81],0.884,concave,it2,avg
Class1,P3,Class1_it2_example_0187,,,,,,,1.0,0,86,[],0.884,concave,it2,avg
Class1,P3,Class1_it2_example_0188,0.0,0.0,0.0,0.0,1.0,0.0,0.0,1,70,[70],0.884,concave,it2,avg
Class1,P3,Class1_it2_example_0189,1.5,0.00027311089341036654,1.5000000248631866,0.0,1.0,0.0,0.0,2,78,"[75, 78]",0.884,concave,it2,avg
Class1,P3,Class1_it2_example_0190,3.0,0.006696999831166228,3.000009000818821,0.0,1.0,1.0,0.0,3,75,"[72, 75, 81]",0.884,concave,it2,avg
Class1,P3,Class1_it2_example_0191,0.0,0.0,0.0,0.0,1.0,0.0,0.0,1,75,[75],0.884,concave,it2,avg
Class1,P3,Class1_it2_example_0192,1.0,0.0014791329604544323,1.000001093916559,1.000001093916559,1.0,0.0,0.0,1,88,[87],0.884,concave,it2,avg
Class1,P3,Class1_it2_example_0193,3.5,0.0023944766561122544,3.5000008340942506,1.000000415022569,1.0,1.0,0.0,2,86,"[80, 85]",0.884,concave,it2,avg
Class1,P3,Class1_it2_example_0194,3.6666666666666665,0.007504441002280353,3.6666763577649135,0.0,1.0,1.0,0.0,3,88,"[85, 88, 96]",0.884,concave,it2,avg
Class1,P3,Class1_it2_example_0195,,,,,,,1.0,0,79,[],0.884,concave,it2,avg
Class1,P3,Class1_it2_example_0196,1.0,0.00016498680337190264,1.0000000136103226,0.0,1.0,0.0,0.0,2,77,"[77, 79]",0.884,concave,it2,avg
Class1,P3,Class1_it2_example_0197,,,,,,,1.0,0,118,[],0.884,concave,it2,avg
Class1,P3,Class1_it2_example_0198,,,,,,,1.0,0,122,[],0.884,concave,it2,avg
Class1,P3,Class1_it2_example_0199,,,,,,,1.0,0,131,[],0.884,concave,it2,avg
Class1,P3,Class1_it2_example_0200,,,,,,,1.0,0,116,[],0.884,concave,it2,avg
Class1,P3,Class1_it2_example_0201,1.0,0.0006507141960557794,1.0000002117144602,1.0000002117144602,1.0,0.0,0.0,1,107,[106],0.884,concave,it2,avg
Class1,P3,Class1_it2_example_0202,5.666666666666667,0.022765373707489083,5.666712686625442,0.0,1.0,2.0,0.0,3,104,"[99, 104, 116]",0.884,concave,it2,avg
Class1,P3,Class1_it2_example_0203,2.0,0.0007883325384044904,2.0000001553670415,2.0000001553670415,1.0,0.0,0.0,1,102,[100],0.884,concave,it2,avg
Class1,P3,Class1_it2_example_0204,1.0,0.0021182974299037705,1.000002243589484,1.000002243589484,1.0,0.0,0.0,1,80,[79],0.884,concave,it2,avg
Class1,P3,Class1_it2_example_0205,1.0,6.959068160172777e-06,1.0000000000242142,1.0000000000242142,1.0,0.0,0.0,1,110,[109],0.884,concave,it2,avg
Class1,P3,Class1_it2_example_0206,1.0,0.0003317274893608335,1.0000000550215622,1.0000000550215622,1.0,0.0,0.0,1,120,[119],0.884,concave,it2,avg
Class1,P3,Class1_it2_example_0207,0.0,0.0,0.0,0.0,1.0,0.0,0.0,1,110,[110],0.884,concave,it2,avg
Class1,P3,Class1_it2_example_0208,1.0,0.001524434818323872,1.0000011619500826,1.0000011619500826,1.0,0.0,0.0,1,108,[109],0.884,concave,it2,avg
Class1,P3,Class1_it2_example_0209,,,,,,,1.0,0,122,[],0.884,concave,it2,avg
Class1,P3,Class1_it2_example_0210,0.0,0.0,0.0,0.0,1.0,0.0,0.0,1,114,[114],0.884,concave,it2,avg
Class1,P3,Class1_it2_example_0211,2.0,0.002274225801098373,2.000001293025331,2.000001293025331,1.0,0.0,0.0,1,121,[119],0.884,concave,it2,avg
Class1,P3,Class1_it2_example_0212,1.0,0.0010406423996276448,1.0000005414681554,1.0000005414681554,1.0,0.0,0.0,1,119,[118],0.884,concave,it2,avg
Class1,P3,Class1_it2_example_0213,5.0,0.003871590685161075,5.000001498921219,5.000001498921219,0.0,1.0,1.0,1,118,[113],0.884,concave,it2,avg
Class1,P3,Class1_it2_example_0214,0.0,0.0,0.0,0.0,1.0,0.0,0.0,1,115,[115],0.884,concave,it2,avg
Class1,P3,Class1_it2_example_0215,0.0,0.0,0.0,0.0,1.0,0.0,0.0,1,118,[118],0.884,concave,it2,avg
Class1,P3,Class1_it2_example_0216,2.0,0.0018643179958803824,2.0000008689202087,2.0000008689202087,1.0,0.0,0.0,1,119,[117],0.884,concave,it2,avg
Class1,P3,Class1_it2_example_0217,1.0,0.00039144933563201034,1.0000000766162882,1.0000000766162882,1.0,0.0,0.0,1,118,[117],0.884,concave,it2,avg
Class1,P3,Class1_it2_example_0218,0.0,0.0,0.0,0.0,1.0,0.0,0.0,1,122,[122],0.884,concave,it2,avg
Class1,P3,Class1_it2_example_0219,0.0,0.0,0.0,0.0,1.0,0.0,0.0,1,111,[111],0.884,concave,it2,avg
Class1,P3,Class1_it2_example_0220,1.0,0.0007337295350811068,1.0000002691794792,1.0000002691794792,1.0,0.0,0.0,1,111,[110],0.884,concave,it2,avg
Class1,P3,Class1_it2_example_0221,7.0,0.004602557484844172,7.000001513109508,7.000001513109508,0.0,1.0,1.0,1,111,[104],0.884,concave,it2,avg
Class1,P3,Class1_it2_example_0222,0.0,0.0,0.0,0.0,1.0,0.0,0.0,1,113,[113],0.884,concave,it2,avg
Class1,P3,Class1_it2_example_0223,0.0,0.0,0.0,0.0,1.0,0.0,0.0,1,117,[117],0.884,concave,it2,avg
Class1,P3,Class1_it2_example_0224,10.0,0.003914524904595651,10.000000766175232,10.000000766175232,0.0,1.0,1.0,1,115,[105],0.884,concave,it2,avg
Class1,P3,Class1_it2_example_0225,1.0,0.0005881972224077714,1.0000001729879713,1.0000001729879713,1.0,0.0,0.0,1,87,[86],0.884,concave,it2,avg
Class1,P3,Class1_it2_example_0226,0.0,0.0,0.0,0.0,1.0,0.0,0.0,1,94,[94],0.884,concave,it2,avg
Class1,P3,Class1_it2_example_0227,0.0,0.0,0.0,0.0,1.0,0.0,0.0,1,90,[90],0.884,concave,it2,avg
Class1,P3,Class1_it2_example_0228,,,,,,,1.0,0,74,[],0.884,concave,it2,avg
Class1,P3,Class1_it2_example_0229,1.0,0.0001115386857661882,1.000000006220439,1.000000006220439,1.0,0.0,0.0,1,86,[85],0.884,concave,it2,avg
Class1,P3,Class1_it2_example_0230,0.0,0.0,0.0,0.0,1.0,0.0,0.0,1,83,[83],0.884,concave,it2,avg
Class1,P3,Class1_it2_example_0231,,,,,,,1.0,0,74,[],0.884,concave,it2,avg
Class1,P3,Class1_it2_example_0232,0.0,0.0,0.0,0.0,1.0,0.0,0.0,1,82,[82],0.884,concave,it2,avg
Class1,P3,Class1_it2_example_0233,2.0,0.0028005109245241577,2.0000019607143984,0.0,1.0,1.0,0.0,2,79,"[75, 79]",0.884,concave,it2,avg
Class1,P3,Class1_it2_example_0234,4.5,0.00551917853642081,4.500003384591141,0.0,1.0,1.0,0.0,2,103,"[94, 103]",0.884,concave,it2,avg
Class1,P3,Class1_it2_example_0235,7.0,0.0005162982093271373,7.000000028454493,1.0000000339957527,1.0,1.0,0.0,2,100,"[87, 99]",0.884,concave,it2,avg
Class1,P3,Class1_it2_example_0236,0.0,0.0,0.0,0.0,1.0,0.0,0.0,1,86,[86],0.884,concave,it2,avg
Class1,P3,Class1_it2_example_0237,5.5,0.021827799097905887,5.50004331372158,0.0,1.0,1.0,0.0,2,89,"[89, 100]",0.884,concave,it2,avg
Class1,P3,Class1_it2_example_0238,2.0,0.001187111466742996,2.0000003523083776,2.0000003523083776,1.0,0.0,0.0,1,101,[99],0.884,concave,it2,avg
Class1,P3,Class1_it2_example_0239,1.0,0.0006948434312148422,1.0000002414036677,1.0000002414036677,1.0,0.0,0.0,1,101,[100],0.884,concave,it2,avg
Class1,P3,Class1_it2_example_0240,3.0,0.0028978771765260647,3.0000013996150288,3.0000013996150288,1.0,0.0,0.0,1,105,[102],0.884,concave,it2,avg
Class1,P3,Class1_it2_example_0241,0.0,0.0,0.0,0.0,1.0,0.0,0.0,1,100,[100],0.884,concave,it2,avg
Class1,P3,Class1_it2_example_0242,0.0,0.0,0.0,0.0,1.0,0.0,0.0,1,95,[95],0.884,concave,it2,avg
Class1,P3,Class1_it2_example_0243,1.0,0.00018490855799724315,1.0000000170955872,1.0000000170955872,1.0,0.0,0.0,1,88,[89],0.884,concave,it2,avg
Class1,P3,Class1_it2_example_0244,0.0,0.0,0.0,0.0,1.0,0.0,0.0,1,89,[89],0.884,concave,it2,avg
Class1,P3,Class1_it2_example_0245,0.0,0.0,0.0,0.0,1.0,0.0,0.0,1,90,[90],0.884,concave,it2,avg
Class1,P3,Class1_it2_example_0246,1.0,0.0001564811812728717,1.00000001224318,1.00000001224318,1.0,0.0,0.0,1,78,[79],0.884,concave,it2,avg
Class1,P3,Class1_it2_example_0247,2.0,0.0028263089328394164,2.000001997004549,2.000001997004549,1.0,0.0,0.0,1,104,[102],0.884,concave,it2,avg
Class1,P3,Class1_it2_example_0248,0.0,0.0,0.0,0.0,1.0,0.0,0.0,1,84,[84],0.884,concave,it2,avg
Class1,P3,Class1_it2_example_0249,0.0,0.0,0.0,0.0,1.0,0.0,0.0,1,86,[86],0.884,concave,it2,avg
Class1,P3,Class1_it2_example_0250,0.0,0.0,0.0,0.0,1.0,0.0,0.0,1,94,[94],0.884,concave,it2,avg
Class2,P3,Class2_it2_example_0001,,,,,,,1.0,0,96,[],0.724,concave,it2,avg
Class2,P3,Class2_it2_example_0002,,,,,,,1.0,0,112,[],0.724,concave,it2,avg
Class2,P3,Class2_it2_example_0003,,,,,,,1.0,0,82,[],0.724,concave,it2,avg
Class2,P3,Class2_it2_example_0004,,,,,,,1.0,0,87,[],0.724,concave,it2,avg
Class2,P3,Class2_it2_example_0005,,,,,,,1.0,0,79,[],0.724,concave,it2,avg
Class2,P3,Class2_it2_example_0006,,,,,,,1.0,0,78,[],0.724,concave,it2,avg
Class2,P3,Class2_it2_example_0007,0.0,0.0,0.0,0.0,1.0,0.0,0.0,1,90,[90],0.724,concave,it2,avg
Class2,P3,Class2_it2_example_0008,0.0,0.0,0.0,0.0,1.0,0.0,0.0,1,99,[99],0.724,concave,it2,avg
Class2,P3,Class2_it2_example_0009,1.0,5.9668360291587064e-05,1.0000000017801565,1.0000000017801565,1.0,0.0,0.0,1,96,[97],0.724,concave,it2,avg
Class2,P3,Class2_it2_example_0010,0.0,0.0,0.0,0.0,1.0,0.0,0.0,1,70,[70],0.724,concave,it2,avg
Class2,P3,Class2_it2_example_0011,0.0,0.0,0.0,0.0,1.0,0.0,0.0,1,91,[91],0.724,concave,it2,avg
Class2,P3,Class2_it2_example_0012,0.0,0.0,0.0,0.0,1.0,0.0,0.0,1,77,[77],0.724,concave,it2,avg
Class2,P3,Class2_it2_example_0013,0.0,0.0,0.0,0.0,1.0,0.0,0.0,1,84,[84],0.724,concave,it2,avg
Class2,P3,Class2_it2_example_0014,0.0,0.0,0.0,0.0,1.0,0.0,0.0,1,88,[88],0.724,concave,it2,avg
Class2,P3,Class2_it2_example_0015,0.0,0.0,0.0,0.0,1.0,0.0,0.0,1,90,[90],0.724,concave,it2,avg
Class2,P3,Class2_it2_example_0016,0.0,0.0,0.0,0.0,1.0,0.0,0.0,1,89,[89],0.724,concave,it2,avg
Class2,P3,Class2_it2_example_0017,0.0,0.0,0.0,0.0,1.0,0.0,0.0,1,62,[62],0.724,concave,it2,avg
Class2,P3,Class2_it2_example_0018,,,,,,,1.0,0,67,[],0.724,concave,it2,avg
Class2,P3,Class2_it2_example_0019,1.0,0.000560047625350002,1.000000156826659,1.000000156826659,1.0,0.0,0.0,1,92,[93],0.724,concave,it2,avg
Class2,P3,Class2_it2_example_0020,,,,,,,1.0,0,104,[],0.724,concave,it2,avg
Class2,P3,Class2_it2_example_0021,,,,,,,1.0,0,98,[],0.724,concave,it2,avg
Class2,P3,Class2_it2_example_0022,2.5,0.0011816490835559468,2.5000002792588956,0.0,1.0,1.0,0.0,2,88,"[83, 88]",0.724,concave,it2,avg
Class2,P3,Class2_it2_example_0023,45.0,0.3525420718162562,45.00138458864782,40.00141742113176,0.0,3.0,1.0,3,85,"[125, 130, 135]",0.724,concave,it2,avg
Class2,P3,Class2_it2_example_0024,0.0,0.0,0.0,0.0,1.0,0.0,0.0,1,79,[79],0.724,concave,it2,avg
Class2,P3,Class2_it2_example_0025,15.5,0.08342494496476399,15.50022958946851,5.000031245530682,0.0,2.0,1.0,2,91,"[96, 117]",0.724,concave,it2,avg
Class2,P3,Class2_it2_example_0026,,,,,,,1.0,0,80,[],0.724,concave,it2,avg
Class2,P3,Class2_it2_example_0027,0.0,0.0,0.0,0.0,1.0,0.0,0.0,1,85,[85],0.724,concave,it2,avg
Class2,P3,Class2_it2_example_0028,0.0,0.0,0.0,0.0,1.0,0.0,0.0,1,83,[83],0.724,concave,it2,avg
Class2,P3,Class2_it2_example_0029,0.0,0.0,0.0,0.0,1.0,0.0,0.0,1,97,[97],0.724,concave,it2,avg
Class2,P3,Class2_it2_example_0030,1.0,0.0006790469581963166,1.0000002305523592,1.0000002305523592,1.0,0.0,0.0,1,101,[100],0.724,concave,it2,avg
Class2,P3,Class2_it2_example_0031,1.0,0.0009931960243664273,1.0000004932190498,1.0000004932190498,1.0,0.0,0.0,1,98,[97],0.724,concave,it2,avg
Class2,P3,Class2_it2_example_0032,0.0,0.0,0.0,0.0,1.0,0.0,0.0,1,125,[125],0.724,concave,it2,avg
Class2,P3,Class2_it2_example_0033,1.0,0.00042470003429062597,1.0000000901850554,1.0000000901850554,1.0,0.0,0.0,1,117,[116],0.724,concave,it2,avg
Class2,P3,Class2_it2_example_0034,1.0,0.0006272391760110407,1.0000001967144725,1.0000001967144725,1.0,0.0,0.0,1,120,[119],0.724,concave,it2,avg
Class2,P3,Class2_it2_example_0035,,,,,,,1.0,0,121,[],0.724,concave,it2,avg
Class2,P3,Class2_it2_example_0036,,,,,,,1.0,0,113,[],0.724,concave,it2,avg
Class2,P3,Class2_it2_example_0037,3.0,0.0029033652264319754,3.0000014049212775,3.0000014049212775,1.0,0.0,0.0,1,115,[112],0.724,concave,it2,avg
Class2,P3,Class2_it2_example_0038,4.0,0.005245311530502006,4.000003439160153,4.000003439160153,0.0,1.0,1.0,1,110,[106],0.724,concave,it2,avg
Class2,P3,Class2_it2_example_0039,,,,,,,1.0,0,109,[],0.724,concave,it2,avg
Class2,P3,Class2_it2_example_0040,,,,,,,1.0,0,105,[],0.724,concave,it2,avg
Class2,P3,Class2_it2_example_0041,6.0,0.009725319284010436,6.000007881814422,6.000007881814422,0.0,1.0,1.0,1,120,[114],0.724,concave,it2,avg
Class2,P3,Class2_it2_example_0042,,,,,,,1.0,0,104,[],0.724,concave,it2,avg
Class2,P3,Class2_it2_example_0043,1.0,0.0012598974891021575,1.0000007936705266,1.0000007936705266,1.0,0.0,0.0,1,114,[113],0.724,concave,it2,avg
Class2,P3,Class2_it2_example_0044,2.0,0.005009769434761391,2.000006274437605,2.000006274437605,1.0,0.0,0.0,1,115,[113],0.724,concave,it2,avg
Class2,P3,Class2_it2_example_0045,,,,,,,1.0,0,92,[],0.724,concave,it2,avg
Class2,P3,Class2_it2_example_0046,,,,,,,1.0,0,93,[],0.724,concave,it2,avg
Class2,P3,Class2_it2_example_0047,,,,,,,1.0,0,86,[],0.724,concave,it2,avg
Class2,P3,Class2_it2_example_0048,1.0,0.0006012423193655358,1.000000180746147,1.000000180746147,1.0,0.0,0.0,1,127,[126],0.724,concave,it2,avg
Class2,P3,Class2_it2_example_0049,1.0,0.0006521185552017528,1.0000002126292824,1.0000002126292824,1.0,0.0,0.0,1,114,[113],0.724,concave,it2,avg
Class2,P3,Class2_it2_example_0050,,,,,,,1.0,0,98,[],0.724,concave,it2,avg
Class2,P3,Class2_it2_example_0051,0.0,0.0,0.0,0.0,1.0,0.0,0.0,1,86,[86],0.724,concave,it2,avg
Class2,P3,Class2_it2_example_0052,,,,,,,1.0,0,95,[],0.724,concave,it2,avg
Class2,P3,Class2_it2_example_0053,2.0,0.0032809122577661665,2.0000026910945,2.0000026910945,1.0,0.0,0.0,1,119,[117],0.724,concave,it2,avg
Class2,P3,Class2_it2_example_0054,2.5,0.00026757583426378906,2.5000000497923813,1.0000000985450044,1.0,1.0,0.0,2,113,"[109, 112]",0.724,concave,it2,avg
Class2,P3,Class2_it2_example_0055,0.0,0.0,0.0,0.0,1.0,0.0,0.0,1,89,[89],0.724,concave,it2,avg
Class2,P3,Class2_it2_example_0056,40.0,0.3516298264785569,40.00154645297117,37.00150657320824,0.0,2.0,1.0,2,74,"[111, 117]",0.724,concave,it2,avg
Class2,P3,Class2_it2_example_0057,50.0,0.46301497568105315,50.002143782719,50.002143782719,0.0,1.0,1.0,1,68,[118],0.724,concave,it2,avg
Class2,P3,Class2_it2_example_0058,2.0,0.00247631256600761,2.0000015330303933,0.0,1.0,1.0,0.0,2,69,"[65, 69]",0.724,concave,it2,avg
Class2,P3,Class2_it2_example_0059,0.0,0.0,0.0,0.0,1.0,0.0,0.0,1,75,[75],0.724,concave,it2,avg
Class2,P3,Class2_it2_example_0060,1.0,0.0006945732336142152,1.0000002412159592,1.0000002412159592,1.0,0.0,0.0,1,104,[103],0.724,concave,it2,avg
Class2,P3,Class2_it2_example_0061,0.0,0.0,0.0,0.0,1.0,0.0,0.0,1,104,[104],0.724,concave,it2,avg
Class2,P3,Class2_it2_example_0062,0.0,0.0,0.0,0.0,1.0,0.0,0.0,1,98,[98],0.724,concave,it2,avg
Class2,P3,Class2_it2_example_0063,0.0,0.0,0.0,0.0,1.0,0.0,0.0,1,104,[104],0.724,concave,it2,avg
Class2,P3,Class2_it2_example_0064,3.3333333333333335,0.010611271133713554,3.3333504833588337,0.0,1.0,2.0,0.0,3,82,"[77, 82, 87]",0.724,concave,it2,avg
Class2,P3,Class2_it2_example_0065,2.0,0.0018852184701700359,2.000000888511973,0.0,1.0,1.0,0.0,2,82,"[82, 86]",0.724,concave,it2,avg
Class2,P3,Class2_it2_example_0066,3.6666666666666665,0.006328827003010333,3.6666731744927623,0.0,1.0,2.0,0.0,3,83,"[77, 83, 88]",0.724,concave,it2,avg
Class2,P3,Class2_it2_example_0067,2.0,0.0017316347137263932,2.000000749639555,0.0,1.0,1.0,0.0,2,80,"[80, 84]",0.724,concave,it2,avg
Class2,P3,Class2_it2_example_0068,1.0,0.0005301606026817396,1.0000001405351224,1.0000001405351224,1.0,0.0,0.0,1,80,[79],0.724,concave,it2,avg
Class2,P3,Class2_it2_example_0069,,,,,,,1.0,0,80,[],0.724,concave,it2,avg
Class2,P3,Class2_it2_example_0070,2.5,0.001272280562119088,2.500000562112924,1.0000009553677032,1.0,1.0,0.0,2,87,"[83, 86]",0.724,concave,it2,avg
Class2,P3,Class2_it2_example_0071,0.0,0.0,0.0,0.0,1.0,0.0,0.0,1,88,[88],0.724,concave,it2,avg
Class2,P3,Class2_it2_example_0072,10.666666666666666,0.05084579109935213,10.666791019476753,0.0,1.0,2.0,0.0,3,79,"[79, 89, 101]",0.724,concave,it2,avg
Class2,P3,Class2_it2_example_0073,5.0,0.026744600810989283,5.000071526855645,0.0,1.0,1.0,0.0,2,79,"[79, 89]",0.724,concave,it2,avg
Class2,P3,Class2_it2_example_0074,2.0,0.00039998855489836727,2.0000000399977105,0.0,1.0,1.0,0.0,2,75,"[75, 79]",0.724,concave,it2,avg
Class2,P3,Class2_it2_example_0075,0.0,0.0,0.0,0.0,1.0,0.0,0.0,1,80,[80],0.724,concave,it2,avg
Class2,P3,Class2_it2_example_0076,1.5,0.0011980444849152283,1.5000004784367862,0.0,1.0,0.0,0.0,2,85,"[82, 85]",0.724,concave,it2,avg
Class2,P3,Class2_it2_example_0077,3.5,0.001299013910137592,3.5000002410624402,0.0,1.0,1.0,0.0,2,80,"[80, 87]",0.724,concave,it2,avg
Class2,P3,Class2_it2_example_0078,1.0,3.689557276620459e-05,1.0000000006806415,1.0000000006806415,1.0,0.0,0.0,1,98,[97],0.724,concave,it2,avg
Class2,P3,Class2_it2_example_0079,1.0,0.0008353329144387134,1.000000348890478,1.000000348890478,1.0,0.0,0.0,1,85,[84],0.724,concave,it2,avg
Class2,P3,Class2_it2_example_0080,3.3333333333333335,0.006267388303286621,3.333339489612566,0.0,1.0,2.0,0.0,3,76,"[71, 76, 81]",0.724,concave,it2,avg
Class2,P3,Class2_it2_example_0081,5.5,0.022204331179677683,5.5000448209376565,0.0,1.0,1.0,0.0,2,91,"[91, 102]",0.724,concave,it2,avg
Class2,P3,Class2_it2_example_0082,0.0,0.0,0.0,0.0,1.0,0.0,0.0,1,80,[80],0.724,concave,it2,avg
Class2,P3,Class2_it2_example_0083,1.5,0.0006022226916089779,1.5000001238136236,1.0000001199362325,1.0,0.0,0.0,2,79,"[77, 80]",0.724,concave,it2,avg
Class2,P3,Class2_it2_example_0084,5.5,0.004544450460479688,5.500001906818119,2.000000368534772,1.0,1.0,0.0,2,111,"[102, 109]",0.724,concave,it2,avg
Class2,P3,Class2_it2_example_0085,1.0,0.0001656867157950881,1.0000000137260439,1.0000000137260439,1.0,0.0,0.0,1,88,[89],0.724,concave,it2,avg
Class2,P3,Class2_it2_example_0086,1.0,0.0009530075209430722,1.0000004541115644,1.0000004541115644,1.0,0.0,0.0,1,87,[86],0.724,concave,it2,avg
Class2,P3,Class2_it2_example_0087,0.0,0.0,0.0,0.0,1.0,0.0,0.0,1,114,[114],0.724,concave,it2,avg
Class2,P3,Class2_it2_example_0088,0.0,0.0,0.0,0.0,1.0,0.0,0.0,1,92,[92],0.724,concave,it2,avg
Class2,P3,Class2_it2_example_0089,0.0,0.0,0.0,0.0,1.0,0.0,0.0,1,85,[85],0.724,concave,it2,avg
Class2,P3,Class2_it2_example_0090,0.0,0.0,0.0,0.0,1.0,0.0,0.0,1,91,[91],0.724,concave,it2,avg
Class2,P3,Class2_it2_example_0091,2.0,0.000805447347520527,2.000000162186351,2.000000162186351,1.0,0.0,0.0,1,93,[91],0.724,concave,it2,avg
Class2,P3,Class2_it2_example_0092,0.0,0.0,0.0,0.0,1.0,0.0,0.0,1,94,[94],0.724,concave,it2,avg
Class2,P3,Class2_it2_example_0093,0.0,0.0,0.0,0.0,1.0,0.0,0.0,1,88,[88],0.724,concave,it2,avg
Class2,P3,Class2_it2_example_0094,1.0,0.0005526439000965722,1.0000001527076285,1.0000001527076285,1.0,0.0,0.0,1,91,[90],0.724,concave,it2,avg
Class2,P3,Class2_it2_example_0095,2.0,0.0014341516558344924,2.000000514197677,2.000000514197677,1.0,0.0,0.0,1,89,[87],0.724,concave,it2,avg
Class2,P3,Class2_it2_example_0096,2.0,0.002155429584025481,2.0000011614688358,2.0000011614688358,1.0,0.0,0.0,1,89,[87],0.724,concave,it2,avg
Class2,P3,Class2_it2_example_0097,2.0,0.0017168768556232727,2.0000007369163986,2.0000007369163986,1.0,0.0,0.0,1,80,[78],0.724,concave,it2,avg
Class2,P3,Class2_it2_example_0098,2.0,0.0012917711315818536,2.0000004171681205,2.0000004171681205,1.0,0.0,0.0,1,91,[89],0.724,concave,it2,avg
Class2,P3,Class2_it2_example_0099,1.0,0.0008270931184004571,1.0000003420414547,1.0000003420414547,1.0,0.0,0.0,1,89,[88],0.724,concave,it2,avg
Class2,P3,Class2_it2_example_0100,1.0,0.0004892604195103623,1.0000001196878718,1.0000001196878718,1.0,0.0,0.0,1,101,[100],0.724,concave,it2,avg
Class2,P3,Class2_it2_example_0101,,,,,,,1.0,0,109,[],0.724,concave,it2,avg
Class2,P3,Class2_it2_example_0102,0.0,0.0,0.0,0.0,1.0,0.0,0.0,1,89,[89],0.724,concave,it2,avg
Class2,P3,Class2_it2_example_0103,0.0,0.0,0.0,0.0,1.0,0.0,0.0,1,111,[111],0.724,concave,it2,avg
Class2,P3,Class2_it2_example_0104,0.0,0.0,0.0,0.0,1.0,0.0,0.0,1,89,[89],0.724,concave,it2,avg
Class2,P3,Class2_it2_example_0105,1.0,0.0019553265487298743,1.000001911649129,1.000001911649129,1.0,0.0,0.0,1,102,[101],0.724,concave,it2,avg
Class2,P3,Class2_it2_example_0106,1.0,0.0009375092865956391,1.0000004394617348,1.0000004394617348,1.0,0.0,0.0,1,81,[80],0.724,concave,it2,avg
Class2,P3,Class2_it2_example_0107,0.0,0.0,0.0,0.0,1.0,0.0,0.0,1,65,[65],0.724,concave,it2,avg
Class2,P3,Class2_it2_example_0108,1.5,0.0009871359960753057,1.5000003248124565,0.0,1.0,0.0,0.0,2,83,"[83, 86]",0.724,concave,it2,avg
Class2,P3,Class2_it2_example_0109,0.0,0.0,0.0,0.0,1.0,0.0,0.0,1,72,[72],0.724,concave,it2,avg
Class2,P3,Class2_it2_example_0110,0.0,0.0,0.0,0.0,1.0,0.0,0.0,1,98,[98],0.724,concave,it2,avg
Class2,P3,Class2_it2_example_0111,0.0,0.0,0.0,0.0,1.0,0.0,0.0,1,87,[87],0.724,concave,it2,avg
Class2,P3,Class2_it2_example_0112,4.0,0.0037466193070057052,4.000001754644144,4.000001754644144,0.0,1.0,1.0,1,89,[93],0.724,concave,it2,avg
Class2,P3,Class2_it2_example_0113,3.5,0.0028695884766354873,3.5000011763623773,0.0,1.0,1.0,0.0,2,93,"[86, 93]",0.724,concave,it2,avg
Class2,P3,Class2_it2_example_0114,0.0,0.0,0.0,0.0,1.0,0.0,0.0,1,135,[135],0.724,concave,it2,avg
Class2,P3,Class2_it2_example_0115,,,,,,,1.0,0,120,[],0.724,concave,it2,avg
Class2,P3,Class2_it2_example_0116,1.0,0.00033346851270965594,1.000000055600623,1.000000055600623,1.0,0.0,0.0,1,102,[101],0.724,concave,it2,avg
Class2,P3,Class2_it2_example_0117,1.0,0.001166790341577184,1.000000680699619,1.000000680699619,1.0,0.0,0.0,1,99,[98],0.724,concave,it2,avg
Class2,P3,Class2_it2_example_0118,0.0,0.0,0.0,0.0,1.0,0.0,0.0,1,96,[96],0.724,concave,it2,avg
Class2,P3,Class2_it2_example_0119,1.0,0.0005322834464321913,1.0000001416628237,1.0000001416628237,1.0,0.0,0.0,1,110,[109],0.724,concave,it2,avg
Class2,P3,Class2_it2_example_0120,0.0,0.0,0.0,0.0,1.0,0.0,0.0,1,115,[115],0.724,concave,it2,avg
Class2,P3,Class2_it2_example_0121,1.0,0.0002769185386966022,1.0000000383419378,1.0000000383419378,1.0,0.0,0.0,1,102,[101],0.724,concave,it2,avg
Class2,P3,Class2_it2_example_0122,2.0,0.002401974944922225,2.000001442370389,0.0,1.0,1.0,0.0,2,88,"[88, 92]",0.724,concave,it2,avg
Class2,P3,Class2_it2_example_0123,0.0,0.0,0.0,0.0,1.0,0.0,0.0,1,93,[93],0.724,concave,it2,avg
Class2,P3,Class2_it2_example_0124,,,,,,,1.0,0,88,[],0.724,concave,it2,avg
Class2,P3,Class2_it2_example_0125,,,,,,,1.0,0,92,[],0.724,concave,it2,avg
Class2,P3,Class2_it2_example_0126,,,,,,,1.0,0,92,[],0.724,concave,it2,avg
Class2,P3,Class2_it2_example_0127,2.5,0.003083998867134785,2.5000019022090787,0.0,1.0,1.0,0.0,2,78,"[78, 83]",0.724,concave,it2,avg
Class2,P3,Class2_it2_example_0128,0.0,0.0,0.0,0.0,1.0,0.0,0.0,1,84,[84],0.724,concave,it2,avg
Class2,P3,Class2_it2_example_0129,0.0,0.0,0.0,0.0,1.0,0.0,0.0,1,86,[86],0.724,concave,it2,avg
Class2,P3,Class2_it2_example_0130,1.0,0.0017751760309008269,1.000001575623729,1.000001575623729,1.0,0.0,0.0,1,87,[86],0.724,concave,it2,avg
Class2,P3,Class2_it2_example_0131,5.5,0.041594248658848254,5.50015727788956,0.0,1.0,1.0,0.0,2,86,"[86, 97]",0.724,concave,it2,avg
Class2,P3,Class2_it2_example_0132,1.0,0.00017830226220072465,1.0000000158958482,1.0000000158958482,1.0,0.0,0.0,1,81,[80],0.724,concave,it2,avg
Class2,P3,Class2_it2_example_0133,1.0,0.0014096032237992384,1.0000009934901308,1.0000009934901308,1.0,0.0,0.0,1,99,[98],0.724,concave,it2,avg
Class2,P3,Class2_it2_example_0134,1.0,0.000297382749028019,1.0000000442182488,1.0000000442182488,1.0,0.0,0.0,1,101,[100],0.724,concave,it2,avg
Class2,P3,Class2_it2_example_0135,,,,,,,1.0,0,79,[],0.724,concave,it2,avg
Class2,P3,Class2_it2_example_0136,2.0,0.004030397190029178,2.0000040610212544,2.0000040610212544,1.0,0.0,0.0,1,90,[88],0.724,concave,it2,avg
Class2,P3,Class2_it2_example_0137,,,,,,,1.0,0,103,[],0.724,concave,it2,avg
Class2,P3,Class2_it2_example_0138,0.0,0.0,0.0,0.0,1.0,0.0,0.0,1,109,[109],0.724,concave,it2,avg
Class2,P3,Class2_it2_example_0139,4.0,0.005400876979968383,4.000003646182357,4.000003646182357,0.0,1.0,1.0,1,80,[76],0.724,concave,it2,avg
Class2,P3,Class2_it2_example_0140,,,,,,,1.0,0,82,[],0.724,concave,it2,avg
Class2,P3,Class2_it2_example_0141,,,,,,,1.0,0,91,[],0.724,concave,it2,avg
Class2,P3,Class2_it2_example_0142,,,,,,,1.0,0,92,[],0.724,concave,it2,avg
Class2,P3,Class2_it2_example_0143,,,,,,,1.0,0,96,[],0.724,concave,it2,avg
Class2,P3,Class2_it2_example_0144,,,,,,,1.0,0,80,[],0.724,concave,it2,avg
Class2,P3,Class2_it2_example_0145,,,,,,,1.0,0,81,[],0.724,concave,it2,avg
Class2,P3,Class2_it2_example_0146,,,,,,,1.0,0,91,[],0.724,concave,it2,avg
Class2,P3,Class2_it2_example_0147,,,,,,,1.0,0,100,[],0.724,concave,it2,avg
Class2,P3,Class2_it2_example_0148,,,,,,,1.0,0,101,[],0.724,concave,it2,avg
Class2,P3,Class2_it2_example_0149,6.0,0.012358097585140948,6.00001272686783,6.00001272686783,0.0,1.0,1.0,1,94,[88],0.724,concave,it2,avg
Class2,P3,Class2_it2_example_0150,0.0,0.0,0.0,0.0,1.0,0.0,0.0,1,101,[101],0.724,concave,it2,avg
Class2,P3,Class2_it2_example_0151,1.0,0.0006704506301170587,1.0000002247519983,1.0000002247519983,1.0,0.0,0.0,1,90,[89],0.724,concave,it2,avg
Class2,P3,Class2_it2_example_0152,1.0,0.0013659006716933986,1.0000009328418873,1.0000009328418873,1.0,0.0,0.0,1,93,[92],0.724,concave,it2,avg
Class2,P3,Class2_it2_example_0153,0.0,0.0,0.0,0.0,1.0,0.0,0.0,1,99,[99],0.724,concave,it2,avg
Class2,P3,Class2_it2_example_0154,2.5,0.008594141344913986,2.50001477180945,0.0,1.0,1.0,0.0,2,97,"[92, 97]",0.724,concave,it2,avg
Class2,P3,Class2_it2_example_0155,1.0,0.0026416952800886184,1.000003489270889,1.000003489270889,1.0,0.0,0.0,1,102,[101],0.724,concave,it2,avg
Class2,P3,Class2_it2_example_0156,1.0,0.00033653956113932626,1.0000000566294365,1.0000000566294365,1.0,0.0,0.0,1,102,[103],0.724,concave,it2,avg
Class2,P3,Class2_it2_example_0157,0.0,0.0,0.0,0.0,1.0,0.0,0.0,1,104,[104],0.724,concave,it2,avg
Class2,P3,Class2_it2_example_0158,0.0,0.0,0.0,0.0,1.0,0.0,0.0,1,110,[110],0.724,concave,it2,avg
Class2,P3,Class2_it2_example_0159,3.0,0.0023394046410758484,3.0000009121355404,3.0000009121355404,1.0,0.0,0.0,1,81,[84],0.724,concave,it2,avg
Class2,P3,Class2_it2_example_0160,0.0,0.0,0.0,0.0,1.0,0.0,0.0,1,87,[87],0.724,concave,it2,avg
Class2,P3,Class2_it2_example_0161,1.0,0.0013057911522730281,1.0000008525449033,1.0000008525449033,1.0,0.0,0.0,1,73,[72],0.724,concave,it2,avg
Class2,P3,Class2_it2_example_0162,2.0,0.000862329535145423,2.000000185903048,2.000000185903048,1.0,0.0,0.0,1,85,[83],0.724,concave,it2,avg
Class2,P3,Class2_it2_example_0163,1.0,0.0004448769960404553,1.0000000989577658,1.0000000989577658,1.0,0.0,0.0,1,78,[77],0.724,concave,it2,avg
Class2,P3,Class2_it2_example_0164,,,,,,,1.0,0,70,[],0.724,concave,it2,avg
Class2,P3,Class2_it2_example_0165,,,,,,,1.0,0,118,[],0.724,concave,it2,avg
Class2,P3,Class2_it2_example_0166,,,,,,,1.0,0,106,[],0.724,concave,it2,avg
Class2,P3,Class2_it2_example_0167,,,,,,,1.0,0,103,[],0.724,concave,it2,avg
Class2,P3,Class2_it2_example_0168,,,,,,,1.0,0,116,[],0.724,concave,it2,avg
Class2,P3,Class2_it2_example_0169,,,,,,,1.0,0,127,[],0.724,concave,it2,avg
Class2,P3,Class2_it2_example_0170,,,,,,,1.0,0,115,[],0.724,concave,it2,avg
Class2,P3,Class2_it2_example_0171,,,,,,,1.0,0,104,[],0.724,concave,it2,avg
Class2,P3,Class2_it2_example_0172,2.5,0.0016491664510808746,2.50000071201665,1.0000009702583914,1.0,1.0,0.0,2,114,"[110, 113]",0.724,concave,it2,avg
Class2,P3,Class2_it2_example_0173,,,,,,,1.0,0,109,[],0.724,concave,it2,avg
Class2,P3,Class2_it2_example_0174,,,,,,,1.0,0,103,[],0.724,concave,it2,avg
Class2,P3,Class2_it2_example_0175,,,,,,,1.0,0,106,[],0.724,concave,it2,avg
Class2,P3,Class2_it2_example_0176,1.0,0.0010925048268195514,1.0000005967832204,1.0000005967832204,1.0,0.0,0.0,1,117,[116],0.724,concave,it2,avg
Class2,P3,Class2_it2_example_0177,,,,,,,1.0,0,88,[],0.724,concave,it2,avg
Class2,P3,Class2_it2_example_0178,,,,,,,1.0,0,83,[],0.724,concave,it2,avg
Class2,P3,Class2_it2_example_0179,1.0,0.0005362822250327692,1.000000143799302,1.000000143799302,1.0,0.0,0.0,1,116,[115],0.724,concave,it2,avg
Class2,P3,Class2_it2_example_0180,2.0,0.0018735481360313555,2.000000877545462,2.000000877545462,1.0,0.0,0.0,1,94,[92],0.724,concave,it2,avg
Class2,P3,Class2_it2_example_0181,,,,,,,1.0,0,106,[],0.724,concave,it2,avg
Class2,P3,Class2_it2_example_0182,,,,,,,1.0,0,109,[],0.724,concave,it2,avg
Class2,P3,Class2_it2_example_0183,,,,,,,1.0,0,113,[],0.724,concave,it2,avg
Class2,P3,Class2_it2_example_0184,,,,,,,1.0,0,80,[],0.724,concave,it2,avg
Class2,P3,Class2_it2_example_0185,1.0,0.0005282917062087167,1.0000001395460536,1.0000001395460536,1.0,0.0,0.0,1,77,[76],0.724,concave,it2,avg
Class2,P3,Class2_it2_example_0186,0.0,0.0,0.0,0.0,1.0,0.0,0.0,1,71,[71],0.724,concave,it2,avg
Class2,P3,Class2_it2_example_0187,1.0,0.00044191064790066736,1.0000000976425056,1.0000000976425056,1.0,0.0,0.0,1,70,[69],0.724,concave,it2,avg
Class2,P3,Class2_it2_example_0188,0.0,0.0,0.0,0.0,1.0,0.0,0.0,1,68,[68],0.724,concave,it2,avg
Class2,P3,Class2_it2_example_0189,0.0,0.0,0.0,0.0,1.0,0.0,0.0,1,73,[73],0.724,concave,it2,avg
Class2,P3,Class2_it2_example_0190,0.0,0.0,0.0,0.0,1.0,0.0,0.0,1,71,[71],0.724,concave,it2,avg
Class2,P3,Class2_it2_example_0191,0.0,0.0,0.0,0.0,1.0,0.0,0.0,1,81,[81],0.724,concave,it2,avg
Class2,P3,Class2_it2_example_0192,8.0,0.009192666557516938,8.000005281568159,8.000005281568159,0.0,1.0,1.0,1,124,[116],0.724,concave,it2,avg
Class2,P3,Class2_it2_example_0193,2.5,0.00045805396462778036,2.5000000438594063,1.0000000340940725,1.0,1.0,0.0,2,99,"[95, 98]",0.724,concave,it2,avg
Class2,P3,Class2_it2_example_0194,0.0,0.0,0.0,0.0,1.0,0.0,0.0,1,84,[84],0.724,concave,it2,avg
Class2,P3,Class2_it2_example_0195,0.0,0.0,0.0,0.0,1.0,0.0,0.0,1,90,[90],0.724,concave,it2,avg
Class2,P3,Class2_it2_example_0196,0.0,0.0,0.0,0.0,1.0,0.0,0.0,1,81,[81],0.724,concave,it2,avg
Class2,P3,Class2_it2_example_0197,0.0,0.0,0.0,0.0,1.0,0.0,0.0,1,73,[73],0.724,concave,it2,avg
Class2,P3,Class2_it2_example_0198,,,,,,,1.0,0,63,[],0.724,concave,it2,avg
Class2,P3,Class2_it2_example_0199,,,,,,,1.0,0,72,[],0.724,concave,it2,avg
Class2,P3,Class2_it2_example_0200,0.0,0.0,0.0,0.0,1.0,0.0,0.0,1,81,[81],0.724,concave,it2,avg
Class2,P3,Class2_it2_example_0201,4.0,0.00457753831426877,4.000002619231269,4.000002619231269,0.0,1.0,1.0,1,85,[81],0.724,concave,it2,avg
Class2,P3,Class2_it2_example_0202,5.666666666666667,0.005578977303998996,5.666670267871043,1.000000017141518,1.0,2.0,0.0,3,82,"[72, 76, 81]",0.724,concave,it2,avg
Class2,P3,Class2_it2_example_0203,1.0,0.00039032241956282743,1.0000000761757926,1.0000000761757926,1.0,0.0,0.0,1,106,[105],0.724,concave,it2,avg
Class2,P3,Class2_it2_example_0204,0.0,0.0,0.0,0.0,1.0,0.0,0.0,1,110,[110],0.724,concave,it2,avg
Class2,P3,Class2_it2_example_0205,0.0,0.0,0.0,0.0,1.0,0.0,0.0,1,110,[110],0.724,concave,it2,avg
Class2,P3,Class2_it2_example_0206,0.0,0.0,0.0,0.0,1.0,0.0,0.0,1,90,[90],0.724,concave,it2,avg
Class2,P3,Class2_it2_example_0207,1.0,0.00044644889390887954,1.0000000996583025,1.0000000996583025,1.0,0.0,0.0,1,101,[102],0.724,concave,it2,avg
Class2,P3,Class2_it2_example_0208,1.0,0.0002265957315018552,1.0000000256728125,1.0000000256728125,1.0,0.0,0.0,1,96,[95],0.724,concave,it2,avg
Class2,P3,Class2_it2_example_0209,0.0,0.0,0.0,0.0,1.0,0.0,0.0,1,99,[99],0.724,concave,it2,avg
Class2,P3,Class2_it2_example_0210,0.0,0.0,0.0,0.0,1.0,0.0,0.0,1,108,[108],0.724,concave,it2,avg
Class2,P3,Class2_it2_example_0211,5.5,0.030332724796922228,5.500083642472504,0.0,1.0,1.0,0.0,2,82,"[82, 93]",0.724,concave,it2,avg
Class2,P3,Class2_it2_example_0212,10.0,0.008484465142941211,10.00000359930679,10.00000359930679,0.0,1.0,1.0,1,72,[82],0.724,concave,it2,avg
Class2,P3,Class2_it2_example_0213,3.5,0.009600280523746896,3.5000131664589684,0.0,1.0,1.0,0.0,2,72,"[72, 79]",0.724,concave,it2,avg
Class2,P3,Class2_it2_example_0214,3.5,0.004298511830702456,3.50000263959957,0.0,1.0,1.0,0.0,2,81,"[81, 88]",0.724,concave,it2,avg
Class2,P3,Class2_it2_example_0215,2.5,0.0009528188471681909,2.5000001815727444,0.0,1.0,1.0,0.0,2,78,"[73, 78]",0.724,concave,it2,avg
Class2,P3,Class2_it2_example_0216,2.5,0.004605653389271269,2.500004242405029,0.0,1.0,1.0,0.0,2,73,"[73, 78]",0.724,concave,it2,avg
Class2,P3,Class2_it2_example_0217,11.666666666666666,0.0823724675407214,11.666963360812522,1.0000008037305155,1.0,2.0,0.0,3,86,"[85, 97, 109]",0.724,concave,it2,avg
Class2,P3,Class2_it2_example_0218,35.0,0.2805230019260643,35.001124169869314,35.001124169869314,0.0,1.0,1.0,1,55,[90],0.724,concave,it2,avg
Class2,P3,Class2_it2_example_0219,71.0,0.4875559149965818,71.00167438215975,69.00167781972806,0.0,2.0,1.0,2,100,"[169, 173]",0.724,concave,it2,avg
Class2,P3,Class2_it2_example_0220,57.0,0.4486052570757332,57.00176529438958,57.00176529438958,0.0,1.0,1.0,1,103,[160],0.724,concave,it2,avg
Class2,P3,Class2_it2_example_0221,,,,,,,1.0,0,64,[],0.724,concave,it2,avg
Class2,P3,Class2_it2_example_0222,0.0,0.0,0.0,0.0,1.0,0.0,0.0,1,68,[68],0.724,concave,it2,avg
Class2,P3,Class2_it2_example_0223,,,,,,,1.0,0,73,[],0.724,concave,it2,avg
Class2,P3,Class2_it2_example_0224,1.0,0.002187563124875558,1.0000023927133501,1.0000023927133501,1.0,0.0,0.0,1,81,[80],0.724,concave,it2,avg
Class2,P3,Class2_it2_example_0225,2.0,0.0012728322063405573,2.0000004050254154,2.0000004050254154,1.0,0.0,0.0,1,86,[84],0.724,concave,it2,avg
Class2,P3,Class2_it2_example_0226,4.0,0.011371322267295425,4.000016163338606,4.000016163338606,0.0,1.0,1.0,1,70,[74],0.724,concave,it2,avg
Class2,P3,Class2_it2_example_0227,,,,,,,1.0,0,98,[],0.724,concave,it2,avg
Class2,P3,Class2_it2_example_0228,1.0,0.0034452001433388224,1.0000059346844037,1.0000059346844037,1.0,0.0,0.0,1,94,[93],0.724,concave,it2,avg
Class2,P3,Class2_it2_example_0229,3.5,0.006539831175001287,3.5000062918210215,1.0000035332046244,1.0,1.0,0.0,2,93,"[87, 94]",0.724,concave,it2,avg
Class2,P3,Class2_it2_example_0230,0.0,0.0,0.0,0.0,1.0,0.0,0.0,1,93,[93],0.724,concave,it2,avg
Class2,P3,Class2_it2_example_0231,1.5,0.00019450981352436836,1.5000000185123032,1.0000000325420524,1.0,0.0,0.0,2,98,"[97, 100]",0.724,concave,it2,avg
Class2,P3,Class2_it2_example_0232,1.0,0.0010843114670467946,1.000000587865506,1.000000587865506,1.0,0.0,0.0,1,98,[97],0.724,concave,it2,avg
Class2,P3,Class2_it2_example_0233,,,,,,,1.0,0,81,[],0.724,concave,it2,avg
Class2,P3,Class2_it2_example_0234,,,,,,,1.0,0,75,[],0.724,concave,it2,avg
Class2,P3,Class2_it2_example_0235,1.0,0.000861402346866158,1.0000003710069327,1.0000003710069327,1.0,0.0,0.0,1,80,[79],0.724,concave,it2,avg
Class2,P3,Class2_it2_example_0236,,,,,,,1.0,0,78,[],0.724,concave,it2,avg
Class2,P3,Class2_it2_example_0237,,,,,,,1.0,0,83,[],0.724,concave,it2,avg
Class2,P3,Class2_it2_example_0238,,,,,,,1.0,0,92,[],0.724,concave,it2,avg
Class2,P3,Class2_it2_example_0239,,,,,,,1.0,0,93,[],0.724,concave,it2,avg
Class2,P3,Class2_it2_example_0240,,,,,,,1.0,0,84,[],0.724,concave,it2,avg
Class2,P3,Class2_it2_example_0241,0.0,0.0,0.0,0.0,1.0,0.0,0.0,1,77,[77],0.724,concave,it2,avg
Class2,P3,Class2_it2_example_0242,1.0,0.00023472464505980284,1.0000000275478291,1.0000000275478291,1.0,0.0,0.0,1,109,[108],0.724,concave,it2,avg
Class2,P3,Class2_it2_example_0243,1.0,0.001725901126747531,1.0000014893662406,1.0000014893662406,1.0,0.0,0.0,1,124,[123],0.724,concave,it2,avg
Class2,P3,Class2_it2_example_0244,0.0,0.0,0.0,0.0,1.0,0.0,0.0,1,85,[85],0.724,concave,it2,avg
Class2,P3,Class2_it2_example_0245,1.0,0.0007661469605455551,1.0000002934905396,1.0000002934905396,1.0,0.0,0.0,1,107,[106],0.724,concave,it2,avg
Class2,P3,Class2_it2_example_0246,1.0,0.0015263538227928697,1.0000011648773177,1.0000011648773177,1.0,0.0,0.0,1,93,[92],0.724,concave,it2,avg
Class2,P3,Class2_it2_example_0247,,,,,,,1.0,0,89,[],0.724,concave,it2,avg
Class2,P3,Class2_it2_example_0248,0.0,0.0,0.0,0.0,1.0,0.0,0.0,1,90,[90],0.724,concave,it2,avg
Class2,P3,Class2_it2_example_0249,,,,,,,1.0,0,65,[],0.724,concave,it2,avg
Class2,P3,Class2_it2_example_0250,,,,,,,1.0,0,84,[],0.724,concave,it2,avg
Class3,P3,Class3_it2_example_0001,0.0,0.0,0.0,0.0,1.0,0.0,0.0,1,90,[90],0.636,concave,it2,avg
Class3,P3,Class3_it2_example_0002,1.0,0.0017909173384392796,1.0000016036911707,1.0000016036911707,1.0,0.0,0.0,1,88,[87],0.636,concave,it2,avg
Class3,P3,Class3_it2_example_0003,0.0,0.0,0.0,0.0,1.0,0.0,0.0,1,88,[88],0.636,concave,it2,avg
Class3,P3,Class3_it2_example_0004,0.0,0.0,0.0,0.0,1.0,0.0,0.0,1,90,[90],0.636,concave,it2,avg
Class3,P3,Class3_it2_example_0005,1.0,0.0007418880204660416,1.0000002751988795,1.0000002751988795,1.0,0.0,0.0,1,86,[85],0.636,concave,it2,avg
Class3,P3,Class3_it2_example_0006,,,,,,,1.0,0,95,[],0.636,concave,it2,avg
Class3,P3,Class3_it2_example_0007,0.0,0.0,0.0,0.0,1.0,0.0,0.0,1,87,[87],0.636,concave,it2,avg
Class3,P3,Class3_it2_example_0008,0.0,0.0,0.0,0.0,1.0,0.0,0.0,1,86,[86],0.636,concave,it2,avg
Class3,P3,Class3_it2_example_0009,0.0,0.0,0.0,0.0,1.0,0.0,0.0,1,88,[88],0.636,concave,it2,avg
Class3,P3,Class3_it2_example_0010,1.0,8.644156275550152e-06,1.0000000000373606,1.0000000000373606,1.0,0.0,0.0,1,80,[79],0.636,concave,it2,avg
Class3,P3,Class3_it2_example_0011,1.0,0.0013155732981426915,1.000000865366177,1.000000865366177,1.0,0.0,0.0,1,87,[86],0.636,concave,it2,avg
Class3,P3,Class3_it2_example_0012,1.0,0.0005651303692377763,1.0000001596861543,1.0000001596861543,1.0,0.0,0.0,1,92,[91],0.636,concave,it2,avg
Class3,P3,Class3_it2_example_0013,1.0,0.0007446157139280318,1.0000002772262422,1.0000002772262422,1.0,0.0,0.0,1,94,[93],0.636,concave,it2,avg
Class3,P3,Class3_it2_example_0014,1.0,0.000549142130402136,1.0000001507785283,1.0000001507785283,1.0,0.0,0.0,1,84,[83],0.636,concave,it2,avg
Class3,P3,Class3_it2_example_0015,1.0,0.000511169202250028,1.0000001306469681,1.0000001306469681,1.0,0.0,0.0,1,95,[94],0.636,concave,it2,avg
Class3,P3,Class3_it2_example_0016,,,,,,,1.0,0,65,[],0.636,concave,it2,avg
Class3,P3,Class3_it2_example_0017,,,,,,,1.0,0,68,[],0.636,concave,it2,avg
Class3,P3,Class3_it2_example_0018,1.0,0.00024734757962963094,1.000000030590412,1.000000030590412,1.0,0.0,0.0,1,76,[75],0.636,concave,it2,avg
Class3,P3,Class3_it2_example_0019,3.5,0.0026574426997927336,3.50000106673232,2.0000010958077397,1.0,1.0,0.0,2,83,"[78, 81]",0.636,concave,it2,avg
Class3,P3,Class3_it2_example_0020,,,,,,,1.0,0,70,[],0.636,concave,it2,avg
Class3,P3,Class3_it2_example_0021,,,,,,,1.0,0,59,[],0.636,concave,it2,avg
Class3,P3,Class3_it2_example_0022,,,,,,,1.0,0,68,[],0.636,concave,it2,avg
Class3,P3,Class3_it2_example_0023,,,,,,,1.0,0,94,[],0.636,concave,it2,avg
Class3,P3,Class3_it2_example_0024,0.0,0.0,0.0,0.0,1.0,0.0,0.0,1,99,[99],0.636,concave,it2,avg
Class3,P3,Class3_it2_example_0025,0.0,0.0,0.0,0.0,1.0,0.0,0.0,1,90,[90],0.636,concave,it2,avg
Class3,P3,Class3_it2_example_0026,0.0,0.0,0.0,0.0,1.0,0.0,0.0,1,99,[99],0.636,concave,it2,avg
Class3,P3,Class3_it2_example_0027,1.0,1.0774432205318263e-05,1.0000000000580442,1.0000000000580442,1.0,0.0,0.0,1,85,[84],0.636,concave,it2,avg
Class3,P3,Class3_it2_example_0028,,,,,,,1.0,0,92,[],0.636,concave,it2,avg
Class3,P3,Class3_it2_example_0029,1.0,0.00026427414509588854,1.0000000349204112,1.0000000349204112,1.0,0.0,0.0,1,88,[87],0.636,concave,it2,avg
Class3,P3,Class3_it2_example_0030,,,,,,,1.0,0,86,[],0.636,concave,it2,avg
Class3,P3,Class3_it2_example_0031,,,,,,,1.0,0,88,[],0.636,concave,it2,avg
Class3,P3,Class3_it2_example_0032,1.0,0.000378862896406873,1.0000000717685444,1.0000000717685444,1.0,0.0,0.0,1,91,[90],0.636,concave,it2,avg
Class3,P3,Class3_it2_example_0033,,,,,,,1.0,0,93,[],0.636,concave,it2,avg
Class3,P3,Class3_it2_example_0034,,,,,,,1.0,0,109,[],0.636,concave,it2,avg
Class3,P3,Class3_it2_example_0035,,,,,,,1.0,0,86,[],0.636,concave,it2,avg
Class3,P3,Class3_it2_example_0036,,,,,,,1.0,0,84,[],0.636,concave,it2,avg
Class3,P3,Class3_it2_example_0037,1.0,0.0018422528630606116,1.0000016969463659,1.0000016969463659,1.0,0.0,0.0,1,99,[98],0.636,concave,it2,avg
Class3,P3,Class3_it2_example_0038,1.0,0.0010275472810052921,1.000000527926568,1.000000527926568,1.0,0.0,0.0,1,85,[84],0.636,concave,it2,avg
Class3,P3,Class3_it2_example_0039,2.0,0.0032285074422662152,2.0000026058133784,2.0000026058133784,1.0,0.0,0.0,1,73,[71],0.636,concave,it2,avg
Class3,P3,Class3_it2_example_0040,,,,,,,1.0,0,80,[],0.636,concave,it2,avg
Class3,P3,Class3_it2_example_0041,2.0,0.002814668846212731,2.000001980589198,2.000001980589198,1.0,0.0,0.0,1,83,[81],0.636,concave,it2,avg
Class3,P3,Class3_it2_example_0042,,,,,,,1.0,0,86,[],0.636,concave,it2,avg
Class3,P3,Class3_it2_example_0043,,,,,,,1.0,0,68,[],0.636,concave,it2,avg
Class3,P3,Class3_it2_example_0044,,,,,,,1.0,0,67,[],0.636,concave,it2,avg
Class3,P3,Class3_it2_example_0045,2.0,0.002906735343249034,2.0000021122764733,2.0000021122764733,1.0,0.0,0.0,1,79,[77],0.636,concave,it2,avg
Class3,P3,Class3_it2_example_0046,0.0,0.0,0.0,0.0,1.0,0.0,0.0,1,74,[74],0.636,concave,it2,avg
Class3,P3,Class3_it2_example_0047,1.0,0.001746216397641276,1.0000015246346914,1.0000015246346914,1.0,0.0,0.0,1,70,[71],0.636,concave,it2,avg
Class3,P3,Class3_it2_example_0048,0.0,0.0,0.0,0.0,1.0,0.0,0.0,1,74,[74],0.636,concave,it2,avg
Class3,P3,Class3_it2_example_0049,1.0,0.003200936949493527,1.0000051229855549,1.0000051229855549,1.0,0.0,0.0,1,70,[69],0.636,concave,it2,avg
Class3,P3,Class3_it2_example_0050,0.0,0.0,0.0,0.0,1.0,0.0,0.0,1,78,[78],0.636,concave,it2,avg
Class3,P3,Class3_it2_example_0051,0.0,0.0,0.0,0.0,1.0,0.0,0.0,1,79,[79],0.636,concave,it2,avg
Class3,P3,Class3_it2_example_0052,2.0,0.0036491796915754104,2.0000033291253345,2.0000033291253345,1.0,0.0,0.0,1,85,[83],0.636,concave,it2,avg
Class3,P3,Class3_it2_example_0053,,,,,,,1.0,0,75,[],0.636,concave,it2,avg
Class3,P3,Class3_it2_example_0054,,,,,,,1.0,0,77,[],0.636,concave,it2,avg
Class3,P3,Class3_it2_example_0055,,,,,,,1.0,0,100,[],0.636,concave,it2,avg
Class3,P3,Class3_it2_example_0056,,,,,,,1.0,0,101,[],0.636,concave,it2,avg
Class3,P3,Class3_it2_example_0057,,,,,,,1.0,0,100,[],0.636,concave,it2,avg
Class3,P3,Class3_it2_example_0058,,,,,,,1.0,0,99,[],0.636,concave,it2,avg
Class3,P3,Class3_it2_example_0059,1.0,0.0010842080238989693,1.0000005877533469,1.0000005877533469,1.0,0.0,0.0,1,106,[105],0.636,concave,it2,avg
Class3,P3,Class3_it2_example_0060,,,,,,,1.0,0,102,[],0.636,concave,it2,avg
Class3,P3,Class3_it2_example_0061,1.0,0.002969286830707296,1.0000044083224249,1.0000044083224249,1.0,0.0,0.0,1,88,[87],0.636,concave,it2,avg
Class3,P3,Class3_it2_example_0062,1.0,2.5602920624812064e-05,1.0000000003277547,1.0000000003277547,1.0,0.0,0.0,1,83,[82],0.636,concave,it2,avg
Class3,P3,Class3_it2_example_0063,0.0,0.0,0.0,0.0,1.0,0.0,0.0,1,81,[81],0.636,concave,it2,avg
Class3,P3,Class3_it2_example_0064,1.0,0.000768547281239873,1.000000295332418,1.000000295332418,1.0,0.0,0.0,1,89,[88],0.636,concave,it2,avg
Class3,P3,Class3_it2_example_0065,3.0,0.0017922933115771533,3.000000693436055,1.0000008755145045,1.0,1.0,0.0,2,91,"[86, 90]",0.636,concave,it2,avg
Class3,P3,Class3_it2_example_0066,4.0,0.0033779259213155832,4.0000016012451,1.0000000019204525,1.0,1.0,0.0,2,95,"[88, 94]",0.636,concave,it2,avg
Class3,P3,Class3_it2_example_0067,0.0,0.0,0.0,0.0,1.0,0.0,0.0,1,90,[90],0.636,concave,it2,avg
Class3,P3,Class3_it2_example_0068,1.0,0.0005921137387974174,1.0000001752993244,1.0000001752993244,1.0,0.0,0.0,1,85,[84],0.636,concave,it2,avg
Class3,P3,Class3_it2_example_0069,0.0,0.0,0.0,0.0,1.0,0.0,0.0,1,83,[83],0.636,concave,it2,avg
Class3,P3,Class3_it2_example_0070,0.0,0.0,0.0,0.0,1.0,0.0,0.0,1,87,[87],0.636,concave,it2,avg
Class3,P3,Class3_it2_example_0071,1.0,0.0004230069015970228,1.0000000894674153,1.0000000894674153,1.0,0.0,0.0,1,81,[80],0.636,concave,it2,avg
Class3,P3,Class3_it2_example_0072,3.5,0.0027134001642766248,3.5000011407433997,1.0000008811358985,1.0,1.0,0.0,2,86,"[80, 85]",0.636,concave,it2,avg
Class3,P3,Class3_it2_example_0073,1.0,0.0004833204535558133,1.0000001167993235,1.0000001167993235,1.0,0.0,0.0,1,78,[77],0.636,concave,it2,avg
Class3,P3,Class3_it2_example_0074,5.0,0.008092180598707643,5.000006548334396,5.000006548334396,0.0,1.0,1.0,1,86,[81],0.636,concave,it2,avg
Class3,P3,Class3_it2_example_0075,0.0,0.0,0.0,0.0,1.0,0.0,0.0,1,76,[76],0.636,concave,it2,avg
Class3,P3,Class3_it2_example_0076,3.0,0.0004685159068660294,3.0000000365845256,0.0,1.0,1.0,0.0,2,88,"[82, 88]",0.636,concave,it2,avg
Class3,P3,Class3_it2_example_0077,2.0,0.0015178361403730967,2.0000005759565544,0.0,1.0,1.0,0.0,2,84,"[80, 84]",0.636,concave,it2,avg
Class3,P3,Class3_it2_example_0078,2.0,0.0003395809949093831,2.000000028828813,0.0,1.0,1.0,0.0,2,83,"[79, 83]",0.636,concave,it2,avg
Class3,P3,Class3_it2_example_0079,3.0,0.006964641130875304,3.0000087334610823,1.000000361760915,1.0,1.0,0.0,2,89,"[88, 94]",0.636,concave,it2,avg
Class3,P3,Class3_it2_example_0080,2.5,0.0014968217638687276,2.5000004480950384,0.0,1.0,1.0,0.0,2,91,"[86, 91]",0.636,concave,it2,avg
Class3,P3,Class3_it2_example_0081,2.0,0.0014564726302367381,2.0000005303280606,2.0000005303280606,1.0,0.0,0.0,1,89,[87],0.636,concave,it2,avg
Class3,P3,Class3_it2_example_0082,,,,,,,1.0,0,89,[],0.636,concave,it2,avg
Class3,P3,Class3_it2_example_0083,2.0,0.0022792789403460745,2.0000012987777,2.0000012987777,1.0,0.0,0.0,1,95,[93],0.636,concave,it2,avg
Class3,P3,Class3_it2_example_0084,,,,,,,1.0,0,95,[],0.636,concave,it2,avg
Class3,P3,Class3_it2_example_0085,,,,,,,1.0,0,75,[],0.636,concave,it2,avg
Class3,P3,Class3_it2_example_0086,1.0,0.002634512767902053,1.0000034703227405,1.0000034703227405,1.0,0.0,0.0,1,74,[73],0.636,concave,it2,avg
Class3,P3,Class3_it2_example_0087,,,,,,,1.0,0,98,[],0.636,concave,it2,avg
Class3,P3,Class3_it2_example_0088,1.0,4.0986375843377054e-05,1.0000000008399414,1.0000000008399414,1.0,0.0,0.0,1,94,[93],0.636,concave,it2,avg
Class3,P3,Class3_it2_example_0089,0.0,0.0,0.0,0.0,1.0,0.0,0.0,1,93,[93],0.636,concave,it2,avg
Class3,P3,Class3_it2_example_0090,1.0,0.0008741638032673249,1.0000003820811045,1.0000003820811045,1.0,0.0,0.0,1,95,[94],0.636,concave,it2,avg
Class3,P3,Class3_it2_example_0091,0.0,0.0,0.0,0.0,1.0,0.0,0.0,1,90,[90],0.636,concave,it2,avg
Class3,P3,Class3_it2_example_0092,0.0,0.0,0.0,0.0,1.0,0.0,0.0,1,93,[93],0.636,concave,it2,avg
Class3,P3,Class3_it2_example_0093,0.0,0.0,0.0,0.0,1.0,0.0,0.0,1,93,[93],0.636,concave,it2,avg
Class3,P3,Class3_it2_example_0094,1.0,0.0014092802338695476,1.0000009930348956,1.0000009930348956,1.0,0.0,0.0,1,96,[95],0.636,concave,it2,avg
Class3,P3,Class3_it2_example_0095,1.0,5.516996772314542e-05,1.0000000015218626,1.0000000015218626,1.0,0.0,0.0,1,84,[83],0.636,concave,it2,avg
Class3,P3,Class3_it2_example_0096,,,,,,,1.0,0,91,[],0.636,concave,it2,avg
Class3,P3,Class3_it2_example_0097,0.0,0.0,0.0,0.0,1.0,0.0,0.0,1,94,[94],0.636,concave,it2,avg
Class3,P3,Class3_it2_example_0098,0.0,0.0,0.0,0.0,1.0,0.0,0.0,1,74,[74],0.636,concave,it2,avg
Class3,P3,Class3_it2_example_0099,1.0,0.0016727661900866053,1.0000013990723846,1.0000013990723846,1.0,0.0,0.0,1,74,[73],0.636,concave,it2,avg
Class3,P3,Class3_it2_example_0100,0.0,0.0,0.0,0.0,1.0,0.0,0.0,1,76,[76],0.636,concave,it2,avg
Class3,P3,Class3_it2_example_0101,1.0,0.0004470528365899673,1.0000000999281144,1.0000000999281144,1.0,0.0,0.0,1,90,[89],0.636,concave,it2,avg
Class3,P3,Class3_it2_example_0102,1.0,6.822888379687253e-05,1.0000000023275903,1.0000000023275903,1.0,0.0,0.0,1,73,[72],0.636,concave,it2,avg
Class3,P3,Class3_it2_example_0103,1.0,0.0002277054604096218,1.000000025924888,1.000000025924888,1.0,0.0,0.0,1,73,[72],0.636,concave,it2,avg
Class3,P3,Class3_it2_example_0104,2.0,0.002390503556650825,2.0000014286263035,2.0000014286263035,1.0,0.0,0.0,1,66,[64],0.636,concave,it2,avg
Class3,P3,Class3_it2_example_0105,1.0,0.0002928928786274376,1.0000000428931182,1.0000000428931182,1.0,0.0,0.0,1,76,[75],0.636,concave,it2,avg
Class3,P3,Class3_it2_example_0106,,,,,,,1.0,0,64,[],0.636,concave,it2,avg
Class3,P3,Class3_it2_example_0107,0.0,0.0,0.0,0.0,1.0,0.0,0.0,1,87,[87],0.636,concave,it2,avg
Class3,P3,Class3_it2_example_0108,1.0,0.0016294389784513585,1.0000013275348112,1.0000013275348112,1.0,0.0,0.0,1,101,[100],0.636,concave,it2,avg
Class3,P3,Class3_it2_example_0109,1.0,0.0007653847264327274,1.0000002929068468,1.0000002929068468,1.0,0.0,0.0,1,99,[98],0.636,concave,it2,avg
Class3,P3,Class3_it2_example_0110,1.0,0.0015861364834537373,1.0000012579136808,1.0000012579136808,1.0,0.0,0.0,1,98,[97],0.636,concave,it2,avg
Class3,P3,Class3_it2_example_0111,1.0,0.0013996390680331983,1.0000009794942808,1.0000009794942808,1.0,0.0,0.0,1,106,[105],0.636,concave,it2,avg
Class3,P3,Class3_it2_example_0112,0.0,0.0,0.0,0.0,1.0,0.0,0.0,1,92,[92],0.636,concave,it2,avg
Class3,P3,Class3_it2_example_0113,1.0,0.003068079111965716,1.0000047065436428,1.0000047065436428,1.0,0.0,0.0,1,107,[106],0.636,concave,it2,avg
Class3,P3,Class3_it2_example_0114,,,,,,,1.0,0,85,[],0.636,concave,it2,avg
Class3,P3,Class3_it2_example_0115,,,,,,,1.0,0,84,[],0.636,concave,it2,avg
Class3,P3,Class3_it2_example_0116,,,,,,,1.0,0,81,[],0.636,concave,it2,avg
Class3,P3,Class3_it2_example_0117,1.0,0.0007281214938283931,1.0000002650804198,1.0000002650804198,1.0,0.0,0.0,1,82,[81],0.636,concave,it2,avg
Class3,P3,Class3_it2_example_0118,0.0,0.0,0.0,0.0,1.0,0.0,0.0,1,80,[80],0.636,concave,it2,avg
Class3,P3,Class3_it2_example_0119,2.0,0.001035538270757641,2.0000002680848596,2.0000002680848596,1.0,0.0,0.0,1,78,[76],0.636,concave,it2,avg
Class3,P3,Class3_it2_example_0120,4.0,0.005092523033697005,4.000003241722543,4.000003241722543,0.0,1.0,1.0,1,83,[79],0.636,concave,it2,avg
Class3,P3,Class3_it2_example_0121,,,,,,,1.0,0,100,[],0.636,concave,it2,avg
Class3,P3,Class3_it2_example_0122,0.0,0.0,0.0,0.0,1.0,0.0,0.0,1,95,[95],0.636,concave,it2,avg
Class3,P3,Class3_it2_example_0123,,,,,,,1.0,0,92,[],0.636,concave,it2,avg
Class3,P3,Class3_it2_example_0124,1.0,0.0015229539902699152,1.000001159693756,1.000001159693756,1.0,0.0,0.0,1,96,[95],0.636,concave,it2,avg
Class3,P3,Class3_it2_example_0125,0.0,0.0,0.0,0.0,1.0,0.0,0.0,1,100,[100],0.636,concave,it2,avg
Class3,P3,Class3_it2_example_0126,1.0,0.0005384620461427181,1.000000144970677,1.000000144970677,1.0,0.0,0.0,1,106,[105],0.636,concave,it2,avg
Class3,P3,Class3_it2_example_0127,1.0,0.0011145412607329597,1.000000621100918,1.000000621100918,1.0,0.0,0.0,1,99,[98],0.636,concave,it2,avg
Class3,P3,Class3_it2_example_0128,,,,,,,1.0,0,79,[],0.636,concave,it2,avg
Class3,P3,Class3_it2_example_0129,1.0,0.001650532865025145,1.0000013621284416,1.0000013621284416,1.0,0.0,0.0,1,78,[77],0.636,concave,it2,avg
Class3,P3,Class3_it2_example_0130,4.0,0.003954483652272023,4.0000055618873045,1.0000103139318934,1.0,1.0,0.0,2,98,"[91, 97]",0.636,concave,it2,avg
Class3,P3,Class3_it2_example_0131,2.5,0.004598537851256579,2.5000042293064966,0.0,1.0,1.0,0.0,2,80,"[80, 85]",0.636,concave,it2,avg
Class3,P3,Class3_it2_example_0132,0.0,0.0,0.0,0.0,1.0,0.0,0.0,1,80,[80],0.636,concave,it2,avg
Class3,P3,Class3_it2_example_0133,0.0,0.0,0.0,0.0,1.0,0.0,0.0,1,84,[84],0.636,concave,it2,avg
Class3,P3,Class3_it2_example_0134,2.5,0.0037558058581017018,2.5000028212139367,0.0,1.0,1.0,0.0,2,93,"[93, 98]",0.636,concave,it2,avg
Class3,P3,Class3_it2_example_0135,0.0,0.0,0.0,0.0,1.0,0.0,0.0,1,86,[86],0.636,concave,it2,avg
Class3,P3,Class3_it2_example_0136,1.0,0.0011854296804866271,1.0000007026215167,1.0000007026215167,1.0,0.0,0.0,1,105,[104],0.636,concave,it2,avg
Class3,P3,Class3_it2_example_0137,1.0,0.0010545285168883645,1.0000005560150418,1.0000005560150418,1.0,0.0,0.0,1,99,[98],0.636,concave,it2,avg
Class3,P3,Class3_it2_example_0138,,,,,,,1.0,0,93,[],0.636,concave,it2,avg
Class3,P3,Class3_it2_example_0139,,,,,,,1.0,0,91,[],0.636,concave,it2,avg
Class3,P3,Class3_it2_example_0140,,,,,,,1.0,0,77,[],0.636,concave,it2,avg
Class3,P3,Class3_it2_example_0141,,,,,,,1.0,0,81,[],0.636,concave,it2,avg
Class3,P3,Class3_it2_example_0142,,,,,,,1.0,0,72,[],0.636,concave,it2,avg
Class3,P3,Class3_it2_example_0143,,,,,,,1.0,0,61,[],0.636,concave,it2,avg
Class3,P3,Class3_it2_example_0144,,,,,,,1.0,0,64,[],0.636,concave,it2,avg
Class3,P3,Class3_it2_example_0145,,,,,,,1.0,0,84,[],0.636,concave,it2,avg
Class3,P3,Class3_it2_example_0146,,,,,,,1.0,0,93,[],0.636,concave,it2,avg
Class3,P3,Class3_it2_example_0147,,,,,,,1.0,0,84,[],0.636,concave,it2,avg
Class3,P3,Class3_it2_example_0148,,,,,,,1.0,0,77,[],0.636,concave,it2,avg
Class3,P3,Class3_it2_example_0149,1.0,0.0013020648511276045,1.0000008476860789,1.0000008476860789,1.0,0.0,0.0,1,115,[114],0.636,concave,it2,avg
Class3,P3,Class3_it2_example_0150,1.0,0.0008139286193779016,1.0000003312398438,1.0000003312398438,1.0,0.0,0.0,1,108,[107],0.636,concave,it2,avg
Class3,P3,Class3_it2_example_0151,2.0,0.0027318172215433645,2.0000018657054626,2.0000018657054626,1.0,0.0,0.0,1,102,[100],0.636,concave,it2,avg
Class3,P3,Class3_it2_example_0152,0.0,0.0,0.0,0.0,1.0,0.0,0.0,1,70,[70],0.636,concave,it2,avg
Class3,P3,Class3_it2_example_0153,,,,,,,1.0,0,103,[],0.636,concave,it2,avg
Class3,P3,Class3_it2_example_0154,,,,,,,1.0,0,101,[],0.636,concave,it2,avg
Class3,P3,Class3_it2_example_0155,,,,,,,1.0,0,102,[],0.636,concave,it2,avg
Class3,P3,Class3_it2_example_0156,,,,,,,1.0,0,101,[],0.636,concave,it2,avg
Class3,P3,Class3_it2_example_0157,1.0,0.0012158239353320388,1.0000007391136476,1.0000007391136476,1.0,0.0,0.0,1,98,[97],0.636,concave,it2,avg
Class3,P3,Class3_it2_example_0158,0.0,0.0,0.0,0.0,1.0,0.0,0.0,1,98,[98],0.636,concave,it2,avg
Class3,P3,Class3_it2_example_0159,0.0,0.0,0.0,0.0,1.0,0.0,0.0,1,95,[95],0.636,concave,it2,avg
Class3,P3,Class3_it2_example_0160,1.0,0.0005406181409581823,1.0000001461339765,1.0000001461339765,1.0,0.0,0.0,1,97,[96],0.636,concave,it2,avg
Class3,P3,Class3_it2_example_0161,1.0,0.0015135490693807263,1.0000011454147368,1.0000011454147368,1.0,0.0,0.0,1,102,[101],0.636,concave,it2,avg
Class3,P3,Class3_it2_example_0162,0.0,0.0,0.0,0.0,1.0,0.0,0.0,1,84,[84],0.636,concave,it2,avg
Class3,P3,Class3_it2_example_0163,0.0,0.0,0.0,0.0,1.0,0.0,0.0,1,88,[88],0.636,concave,it2,avg
Class3,P3,Class3_it2_example_0164,0.0,0.0,0.0,0.0,1.0,0.0,0.0,1,87,[87],0.636,concave,it2,avg
Class3,P3,Class3_it2_example_0165,0.0,0.0,0.0,0.0,1.0,0.0,0.0,1,98,[98],0.636,concave,it2,avg
Class3,P3,Class3_it2_example_0166,,,,,,,1.0,0,74,[],0.636,concave,it2,avg
Class3,P3,Class3_it2_example_0167,63.0,0.4473173972524874,63.001588018508585,63.001588018508585,0.0,1.0,1.0,1,67,[130],0.636,concave,it2,avg
Class3,P3,Class3_it2_example_0168,,,,,,,1.0,0,75,[],0.636,concave,it2,avg
Class3,P3,Class3_it2_example_0169,2.5,0.004341322253626989,2.5000037694129404,0.0,1.0,1.0,0.0,2,87,"[82, 87]",0.636,concave,it2,avg
Class3,P3,Class3_it2_example_0170,,,,,,,1.0,0,98,[],0.636,concave,it2,avg
Class3,P3,Class3_it2_example_0171,2.0,0.004572236934731744,2.0000052263308183,2.0000052263308183,1.0,0.0,0.0,1,91,[89],0.636,concave,it2,avg
Class3,P3,Class3_it2_example_0172,,,,,,,1.0,0,120,[],0.636,concave,it2,avg
Class3,P3,Class3_it2_example_0173,,,,,,,1.0,0,123,[],0.636,concave,it2,avg
Class3,P3,Class3_it2_example_0174,,,,,,,1.0,0,114,[],0.636,concave,it2,avg
Class3,P3,Class3_it2_example_0175,,,,,,,1.0,0,103,[],0.636,concave,it2,avg
Class3,P3,Class3_it2_example_0176,,,,,,,1.0,0,96,[],0.636,concave,it2,avg
Class3,P3,Class3_it2_example_0177,1.0,0.0008377879666943144,1.000000350944277,1.000000350944277,1.0,0.0,0.0,1,93,[94],0.636,concave,it2,avg
Class3,P3,Class3_it2_example_0178,2.5,0.0027159421587946153,2.500001475267927,0.0,1.0,1.0,0.0,2,87,"[82, 87]",0.636,concave,it2,avg
Class3,P3,Class3_it2_example_0179,1.0,0.0014577187112015944,1.000001062471356,1.000001062471356,1.0,0.0,0.0,1,82,[81],0.636,concave,it2,avg
Class3,P3,Class3_it2_example_0180,0.0,0.0,0.0,0.0,1.0,0.0,0.0,1,71,[71],0.636,concave,it2,avg
Class3,P3,Class3_it2_example_0181,1.5,0.000599716295364594,1.5000001198865403,0.0,1.0,0.0,0.0,2,71,"[68, 71]",0.636,concave,it2,avg
Class3,P3,Class3_it2_example_0182,,,,,,,1.0,0,76,[],0.636,concave,it2,avg
Class3,P3,Class3_it2_example_0183,,,,,,,1.0,0,78,[],0.636,concave,it2,avg
Class3,P3,Class3_it2_example_0184,,,,,,,1.0,0,79,[],0.636,concave,it2,avg
Class3,P3,Class3_it2_example_0185,,,,,,,1.0,0,83,[],0.636,concave,it2,avg
Class3,P3,Class3_it2_example_0186,,,,,,,1.0,0,79,[],0.636,concave,it2,avg
Class3,P3,Class3_it2_example_0187,,,,,,,1.0,0,81,[],0.636,concave,it2,avg
Class3,P3,Class3_it2_example_0188,,,,,,,1.0,0,80,[],0.636,concave,it2,avg
Class3,P3,Class3_it2_example_0189,,,,,,,1.0,0,79,[],0.636,concave,it2,avg
Class3,P3,Class3_it2_example_0190,,,,,,,1.0,0,76,[],0.636,concave,it2,avg
Class3,P3,Class3_it2_example_0191,2.0,0.002542847355981648,2.0000016165175154,2.0000016165175154,1.0,0.0,0.0,1,81,[79],0.636,concave,it2,avg
Class3,P3,Class3_it2_example_0192,2.0,0.0026695319754025393,2.0000017815994484,2.0000017815994484,1.0,0.0,0.0,1,85,[83],0.636,concave,it2,avg
Class3,P3,Class3_it2_example_0193,0.0,0.0,0.0,0.0,1.0,0.0,0.0,1,78,[78],0.636,concave,it2,avg
Class3,P3,Class3_it2_example_0194,1.0,0.001436903886759211,1.000001032345857,1.000001032345857,1.0,0.0,0.0,1,101,[100],0.636,concave,it2,avg
Class3,P3,Class3_it2_example_0195,,,,,,,1.0,0,73,[],0.636,concave,it2,avg
Class3,P3,Class3_it2_example_0196,1.0,0.0024667570090279867,1.0000030424404425,1.0000030424404425,1.0,0.0,0.0,1,76,[75],0.636,concave,it2,avg
Class3,P3,Class3_it2_example_0197,2.0,0.0039886831633172415,2.0000039773943894,2.0000039773943894,1.0,0.0,0.0,1,77,[75],0.636,concave,it2,avg
Class3,P3,Class3_it2_example_0198,1.0,0.0002772515757260008,1.0000000384342174,1.0000000384342174,1.0,0.0,0.0,1,76,[75],0.636,concave,it2,avg
Class3,P3,Class3_it2_example_0199,1.0,0.0007923408597213522,1.0000003139019698,1.0000003139019698,1.0,0.0,0.0,1,72,[73],0.636,concave,it2,avg
Class3,P3,Class3_it2_example_0200,,,,,,,1.0,0,87,[],0.636,concave,it2,avg
Class3,P3,Class3_it2_example_0201,0.0,0.0,0.0,0.0,1.0,0.0,0.0,1,82,[82],0.636,concave,it2,avg
Class3,P3,Class3_it2_example_0202,0.0,0.0,0.0,0.0,1.0,0.0,0.0,1,94,[94],0.636,concave,it2,avg
Class3,P3,Class3_it2_example_0203,0.0,0.0,0.0,0.0,1.0,0.0,0.0,1,77,[77],0.636,concave,it2,avg
Class3,P3,Class3_it2_example_0204,1.0,0.0002770537946747975,1.0000000383794019,1.0000000383794019,1.0,0.0,0.0,1,74,[73],0.636,concave,it2,avg
Class3,P3,Class3_it2_example_0205,2.0,0.0005161674417599738,2.000000066607206,2.000000066607206,1.0,0.0,0.0,1,93,[91],0.636,concave,it2,avg
Class3,P3,Class3_it2_example_0206,1.0,0.0003182299520125831,1.0000000506351499,1.0000000506351499,1.0,0.0,0.0,1,90,[89],0.636,concave,it2,avg
Class3,P3,Class3_it2_example_0207,1.0,0.0010306086678744109,1.0000005310769722,1.0000005310769722,1.0,0.0,0.0,1,72,[71],0.636,concave,it2,avg
Class3,P3,Class3_it2_example_0208,1.0,5.3801918450946395e-05,1.0000000014473232,1.0000000014473232,1.0,0.0,0.0,1,75,[74],0.636,concave,it2,avg
Class3,P3,Class3_it2_example_0209,2.0,0.0013371192525152287,2.000000446971924,2.000000446971924,1.0,0.0,0.0,1,75,[73],0.636,concave,it2,avg
Class3,P3,Class3_it2_example_0210,1.0,0.0005322852301096193,1.0000001416637732,1.0000001416637732,1.0,0.0,0.0,1,73,[72],0.636,concave,it2,avg
Class3,P3,Class3_it2_example_0211,1.0,0.0032945919208643426,1.0000054271532355,1.0000054271532355,1.0,0.0,0.0,1,92,[91],0.636,concave,it2,avg
Class3,P3,Class3_it2_example_0212,0.0,0.0,0.0,0.0,1.0,0.0,0.0,1,92,[92],0.636,concave,it2,avg
Class3,P3,Class3_it2_example_0213,1.0,0.0005407632461711387,1.0000001462124335,1.0000001462124335,1.0,0.0,0.0,1,91,[90],0.636,concave,it2,avg
Class3,P3,Class3_it2_example_0214,0.0,0.0,0.0,0.0,1.0,0.0,0.0,1,90,[90],0.636,concave,it2,avg
Class3,P3,Class3_it2_example_0215,,,,,,,1.0,0,91,[],0.636,concave,it2,avg
Class3,P3,Class3_it2_example_0216,,,,,,,1.0,0,76,[],0.636,concave,it2,avg
Class3,P3,Class3_it2_example_0217,1.0,0.0013707391636921251,1.0000009394624862,1.0000009394624862,1.0,0.0,0.0,1,99,[98],0.636,concave,it2,avg
Class3,P3,Class3_it2_example_0218,,,,,,,1.0,0,74,[],0.636,concave,it2,avg
Class3,P3,Class3_it2_example_0219,,,,,,,1.0,0,72,[],0.636,concave,it2,avg
Class3,P3,Class3_it2_example_0220,,,,,,,1.0,0,72,[],0.636,concave,it2,avg
Class3,P3,Class3_it2_example_0221,,,,,,,1.0,0,80,[],0.636,concave,it2,avg
Class3,P3,Class3_it2_example_0222,1.0,0.0003353405820352151,1.0000000562266513,1.0000000562266513,1.0,0.0,0.0,1,88,[87],0.636,concave,it2,avg
Class3,P3,Class3_it2_example_0223,,,,,,,1.0,0,72,[],0.636,concave,it2,avg
Class3,P3,Class3_it2_example_0224,,,,,,,1.0,0,70,[],0.636,concave,it2,avg
Class3,P3,Class3_it2_example_0225,,,,,,,1.0,0,87,[],0.636,concave,it2,avg
Class3,P3,Class3_it2_example_0226,0.0,0.0,0.0,0.0,1.0,0.0,0.0,1,69,[69],0.636,concave,it2,avg
Class3,P3,Class3_it2_example_0227,0.0,0.0,0.0,0.0,1.0,0.0,0.0,1,76,[76],0.636,concave,it2,avg
Class3,P3,Class3_it2_example_0228,,,,,,,1.0,0,71,[],0.636,concave,it2,avg
Class3,P3,Class3_it2_example_0229,,,,,,,1.0,0,71,[],0.636,concave,it2,avg
Class3,P3,Class3_it2_example_0230,0.0,0.0,0.0,0.0,1.0,0.0,0.0,1,81,[81],0.636,concave,it2,avg
Class3,P3,Class3_it2_example_0231,,,,,,,1.0,0,78,[],0.636,concave,it2,avg
Class3,P3,Class3_it2_example_0232,,,,,,,1.0,0,72,[],0.636,concave,it2,avg
Class3,P3,Class3_it2_example_0233,2.0,0.0027403374056154117,2.000001877361393,2.000001877361393,1.0,0.0,0.0,1,69,[67],0.636,concave,it2,avg
Class3,P3,Class3_it2_example_0234,2.0,0.0025049184155475634,2.000001568653452,2.000001568653452,1.0,0.0,0.0,1,72,[70],0.636,concave,it2,avg
Class3,P3,Class3_it2_example_0235,0.0,0.0,0.0,0.0,1.0,0.0,0.0,1,72,[72],0.636,concave,it2,avg
Class3,P3,Class3_it2_example_0236,0.0,0.0,0.0,0.0,1.0,0.0,0.0,1,69,[69],0.636,concave,it2,avg
Class3,P3,Class3_it2_example_0237,0.0,0.0,0.0,0.0,1.0,0.0,0.0,1,67,[67],0.636,concave,it2,avg
Class3,P3,Class3_it2_example_0238,,,,,,,1.0,0,66,[],0.636,concave,it2,avg
Class3,P3,Class3_it2_example_0239,,,,,,,1.0,0,68,[],0.636,concave,it2,avg
Class3,P3,Class3_it2_example_0240,0.0,0.0,0.0,0.0,1.0,0.0,0.0,1,81,[81],0.636,concave,it2,avg
Class3,P3,Class3_it2_example_0241,0.0,0.0,0.0,0.0,1.0,0.0,0.0,1,64,[64],0.636,concave,it2,avg
Class3,P3,Class3_it2_example_0242,1.0,0.0007718153651965487,1.0000002978494347,1.0000002978494347,1.0,0.0,0.0,1,84,[83],0.636,concave,it2,avg
Class3,P3,Class3_it2_example_0243,,,,,,,1.0,0,84,[],0.636,concave,it2,avg
Class3,P3,Class3_it2_example_0244,0.0,0.0,0.0,0.0,1.0,0.0,0.0,1,90,[90],0.636,concave,it2,avg
Class3,P3,Class3_it2_example_0245,,,,,,,1.0,0,126,[],0.636,concave,it2,avg
Class3,P3,Class3_it2_example_0246,1.0,0.0006894750405029848,1.0000002376878874,1.0000002376878874,1.0,0.0,0.0,1,86,[85],0.636,concave,it2,avg
Class3,P3,Class3_it2_example_0247,,,,,,,1.0,0,72,[],0.636,concave,it2,avg
Class3,P3,Class3_it2_example_0248,2.0,0.0025746150842897997,2.0000016571600217,2.0000016571600217,1.0,0.0,0.0,1,80,[78],0.636,concave,it2,avg
Class3,P3,Class3_it2_example_0249,,,,,,,1.0,0,76,[],0.636,concave,it2,avg
Class3,P3,Class3_it2_example_0250,,,,,,,1.0,0,63,[],0.636,concave,it2,avg
Class4,P3,Class4_it2_example_0001,,,,,,,1.0,0,,[],0.08,concave,it2,avg
Class4,P3,Class4_it2_example_0002,,,,,,,1.0,0,,[],0.08,concave,it2,avg
Class4,P3,Class4_it2_example_0003,,,,,,,1.0,0,,[],0.08,concave,it2,avg
Class4,P3,Class4_it2_example_0004,,,,,,,1.0,0,,[],0.08,concave,it2,avg
Class4,P3,Class4_it2_example_0005,,,,,,,1.0,0,,[],0.08,concave,it2,avg
Class4,P3,Class4_it2_example_0006,,,,,,,1.0,0,,[],0.08,concave,it2,avg
Class4,P3,Class4_it2_example_0007,,,,,,,1.0,0,,[],0.08,concave,it2,avg
Class4,P3,Class4_it2_example_0008,,,,,,,,1,,[130],0.08,concave,it2,avg
Class4,P3,Class4_it2_example_0009,,,,,,,1.0,0,,[],0.08,concave,it2,avg
Class4,P3,Class4_it2_example_0010,,,,,,,,1,,[152],0.08,concave,it2,avg
Class4,P3,Class4_it2_example_0011,,,,,,,1.0,0,,[],0.08,concave,it2,avg
Class4,P3,Class4_it2_example_0012,,,,,,,1.0,0,,[],0.08,concave,it2,avg
Class4,P3,Class4_it2_example_0013,,,,,,,1.0,0,,[],0.08,concave,it2,avg
Class4,P3,Class4_it2_example_0014,,,,,,,1.0,0,,[],0.08,concave,it2,avg
Class4,P3,Class4_it2_example_0015,,,,,,,1.0,0,,[],0.08,concave,it2,avg
Class4,P3,Class4_it2_example_0016,,,,,,,1.0,0,,[],0.08,concave,it2,avg
Class4,P3,Class4_it2_example_0017,,,,,,,1.0,0,,[],0.08,concave,it2,avg
Class4,P3,Class4_it2_example_0018,,,,,,,1.0,0,,[],0.08,concave,it2,avg
Class4,P3,Class4_it2_example_0019,,,,,,,,2,,"[152, 159]",0.08,concave,it2,avg
Class4,P3,Class4_it2_example_0020,,,,,,,1.0,0,,[],0.08,concave,it2,avg
Class4,P3,Class4_it2_example_0021,,,,,,,1.0,0,,[],0.08,concave,it2,avg
Class4,P3,Class4_it2_example_0022,,,,,,,1.0,0,,[],0.08,concave,it2,avg
Class4,P3,Class4_it2_example_0023,,,,,,,,1,,[135],0.08,concave,it2,avg
Class4,P3,Class4_it2_example_0024,,,,,,,1.0,0,,[],0.08,concave,it2,avg
Class4,P3,Class4_it2_example_0025,,,,,,,1.0,0,,[],0.08,concave,it2,avg
Class4,P3,Class4_it2_example_0026,,,,,,,1.0,0,,[],0.08,concave,it2,avg
Class4,P3,Class4_it2_example_0027,,,,,,,1.0,0,,[],0.08,concave,it2,avg
Class4,P3,Class4_it2_example_0028,,,,,,,1.0,0,,[],0.08,concave,it2,avg
Class4,P3,Class4_it2_example_0029,,,,,,,1.0,0,,[],0.08,concave,it2,avg
Class4,P3,Class4_it2_example_0030,,,,,,,1.0,0,,[],0.08,concave,it2,avg
Class4,P3,Class4_it2_example_0031,,,,,,,1.0,0,,[],0.08,concave,it2,avg
Class4,P3,Class4_it2_example_0032,,,,,,,1.0,0,,[],0.08,concave,it2,avg
Class4,P3,Class4_it2_example_0033,,,,,,,1.0,0,,[],0.08,concave,it2,avg
Class4,P3,Class4_it2_example_0034,,,,,,,1.0,0,,[],0.08,concave,it2,avg
Class4,P3,Class4_it2_example_0035,,,,,,,1.0,0,,[],0.08,concave,it2,avg
Class4,P3,Class4_it2_example_0036,,,,,,,1.0,0,,[],0.08,concave,it2,avg
Class4,P3,Class4_it2_example_0037,,,,,,,1.0,0,,[],0.08,concave,it2,avg
Class4,P3,Class4_it2_example_0038,,,,,,,1.0,0,,[],0.08,concave,it2,avg
Class4,P3,Class4_it2_example_0039,,,,,,,1.0,0,,[],0.08,concave,it2,avg
Class4,P3,Class4_it2_example_0040,,,,,,,1.0,0,,[],0.08,concave,it2,avg
Class4,P3,Class4_it2_example_0041,,,,,,,1.0,0,,[],0.08,concave,it2,avg
Class4,P3,Class4_it2_example_0042,,,,,,,1.0,0,,[],0.08,concave,it2,avg
Class4,P3,Class4_it2_example_0043,,,,,,,1.0,0,,[],0.08,concave,it2,avg
Class4,P3,Class4_it2_example_0044,,,,,,,1.0,0,,[],0.08,concave,it2,avg
Class4,P3,Class4_it2_example_0045,,,,,,,1.0,0,,[],0.08,concave,it2,avg
Class4,P3,Class4_it2_example_0046,,,,,,,1.0,0,,[],0.08,concave,it2,avg
Class4,P3,Class4_it2_example_0047,,,,,,,1.0,0,,[],0.08,concave,it2,avg
Class4,P3,Class4_it2_example_0048,,,,,,,1.0,0,,[],0.08,concave,it2,avg
Class4,P3,Class4_it2_example_0049,,,,,,,1.0,0,,[],0.08,concave,it2,avg
Class4,P3,Class4_it2_example_0050,,,,,,,1.0,0,,[],0.08,concave,it2,avg
